#no-interrupt                   #interrupt
#Elapsed  Throughput      Mops  Throughput
     1.0     4252145     4.252     4301268
     2.0     3921247     3.921     4076430
     3.0     3669002     3.669     3903731
     4.0     3355862     3.356     3725310
     5.0     3133905     3.134     3574008
     6.0     3018699     3.019     3418134
     7.0     2962785     2.963     3250848
     8.0     2928228     2.928     3183116
     9.0     2850255     2.850     3143683
    10.0     2897539     2.898     3055256
    11.0     2796224     2.796     2027071
    12.0     2803278     2.803     1571350
    13.1     2758030     2.758     1517467
    14.1     2735068     2.735     1502688
    15.1     2693051     2.693     1487939
    16.1     2674793     2.675     1490524
    17.1     2664018     2.664     1487970
    18.1     2639213     2.639     1485599
    19.1     2606549     2.607     1482398
    20.1     2551496     2.551     1485710
    21.1     2552323     2.552     1899922
    22.1     2532086     2.532     1903395
    23.1     2519927     2.520     1906756
    24.1     2481863     2.482     1905458
    25.1     2491364     2.491     1897001
    26.1     2515649     2.516     1908470
    27.1     2498518     2.499     1891919
    28.1     2495669     2.496     1911497
    29.1     2474719     2.475     1889150
    30.1     2493948     2.494     1885877
    31.1     2483381     2.483     1569382
    32.1     2468596     2.469     1480405
    33.1     2478841     2.479     1470117
    34.1     2439689     2.440     1477958
    35.1     2433847     2.434     1482490
    36.1     2402823     2.403     1475844
    37.1     2411324     2.411     1483414
    38.2     2409146     2.409     1484642
    39.2     2400996     2.401     1484769
    40.2     2409185     2.409     1474427
    41.2     2375364     2.375     1914036
    42.2     2367940     2.368     1899176
    43.2     2325889     2.326     1904241
    44.2     2327147     2.327     1899300
    45.2     2332907     2.333     1886484
    46.2     2326552     2.327     1900225
    47.2     2329917     2.330     1889734
    48.2     2335011     2.335     1906990
    49.2     2312839     2.313     1890430
    50.2     2320047     2.320     1900498
    51.2     2296833     2.297     1554010
    52.2     2258869     2.259     1489883
    53.2     2261435     2.261     1487099
    54.2     2288247     2.288     1479623
    55.2     2278352     2.278     1474562
    56.2     2267786     2.268     1478259
    57.2     2236382     2.236     1470194
    58.2     2253045     2.253     1475823
    59.2     2220940     2.221     1470456
    60.2     2225557     2.226     1465514
    61.2     2217018     2.217     1890016
    62.2     2235121     2.235     1875141
    63.3     2218671     2.219     1910155
    64.3     2235052     2.235     1900133
    65.3     2246998     2.247     1898676
    66.3     2279671     2.280     1881735
    67.3     2251788     2.252     1888011
    68.3     2199113     2.199     1888814
    69.3     2218296     2.218     1885649
    70.3     2217455     2.217     1885625
    71.3     2217577     2.218     1492902
    72.3     2220073     2.220     1462946
    73.3     2207613     2.208     1458594
    74.3     2199517     2.200     1449922
    75.3     2201648     2.202     1466529
    76.4     2198238     2.198     1446573
    77.3     2181186     2.181     1460191
    78.3     2190426     2.190     1467507
    79.3     2169986     2.170     1460538
    80.3     2188838     2.189     1471609
    81.3     2171934     2.172     1869076
    82.3     2160126     2.160     1882577
    83.3     2163448     2.163     1888065
    84.3     2146982     2.147     1878678
    85.3     2162195     2.162     1873499
    86.3     2161339     2.161     1878745
    87.3     2166094     2.166     1872520
    88.4     2162063     2.162     1865697
    89.4     2172125     2.172     1880565
    90.4     2156373     2.156     1899507
    91.4     2157666     2.158     1397920
    92.4     2156970     2.157     1386467
    93.4     2188131     2.188     1405729
    94.4     2165964     2.166     1395406
    95.4     2153860     2.154     1405796
    96.4     2166947     2.167     1382439
    97.4     2172258     2.172     1395472
    98.4     2189333     2.189     1381652
    99.4     2169201     2.169     1397037
   100.4     2171541     2.172     1392551

  
  
  
  
  
  
  
  
  
  
  
  
  
  
  
  
  
  
  
  
  
  
  
  
  
  
  
  
  
  
  
  
  
  
  
  
  
  
  
  
  
  
  
  
  
  
  
  
  
  
  
  
  
  
  
  
  
  
  
  
  
  
  
  
  
  
  
  
  
  
  
  
  
  
  
  
  
  
  
  
  
  
  
  
  
  
  
  
  
  
  
  
  
  
  
  
  
  
  
  
  
