##### -n16 -u50 -x100 -i1024 -r2048
##### NORMAL HYBRID UPDATES 50%
#Elapsed  Throughput 
     1.0     2942035 
     2.0     2550079 
     3.0     2398598 
     4.0     2246927 
     5.0     2204180 
     6.0     2193058 
     7.0     2154540 
     8.0     2123355 
     9.0     2100214 
    10.0     2109418 
    11.0     1203066 
    12.0      613778 
    13.1      601961 
    14.1      597429 
    15.1      586472 
    16.1      586449 
    17.1      584685 
    18.1      581438 
    19.1      579869 
    20.1      578597 
    21.1     1685326 
    22.1     1672626 
    23.1     1665748 
    24.1     1649417 
    25.1     1638422 
    26.1     1626778 
    27.1     1613903 
    28.1     1610283 
    29.1     1603660 
    30.1     1597699 
    31.1     1021980 
    32.1      572253 
    33.1      567876 
    34.1      569683 
    35.1      570240 
    36.1      570222 
    37.1      569560 
    38.2      570970 
    39.2      570968 
    40.2      568798 
    41.2     1597070 
    42.2     1595102 
    43.2     1599846 
    44.2     1597020 
    45.2     1596814 
    46.2     1580251 
    47.2     1591701 
    48.2     1587789 
    49.2     1588493 
    50.2     1586218 
    51.2      982987 
    52.2      567537 
    53.2      567318 
    54.2      568749 
    55.2      566006 
    56.2      568403 
    57.2      569400 
    58.2      569614 
    59.2      568610 
    60.2      568411 
    61.2     1577672 
    62.2     1586246 
    63.3     1581305 
    64.3     1584964 
    65.3     1575554 
    66.3     1583487 
    67.3     1580584 
    68.3     1584282 
    69.3     1578407 
    70.3     1580442 
    71.4     1021977 
    72.3      569924 
    73.3      568519 
    74.3      571649 
    75.3      569563 
    76.3      570271 
    77.3      568829 
    78.3      569299 
    79.3      567483 
    80.3      569819 
    81.3     1590333 
    82.3     1597415 
    83.3     1598884 
    84.3     1595347 
    85.3     1595248 
    86.3     1592352 
    87.3     1591478 
    88.4     1599455 
    89.4     1600041 
    90.4     1588342 
    91.4      959758 
    92.4      568740 
    93.4      569869 
    94.4      569522 
    95.4      569804 
    96.4      568743 
    97.4      568747 
    98.4      568713 
    99.5      567639 
   100.4      567971 


##### QSBR UPDATES 50%
#Elapsed  Throughput   
     1.0     3425348   
     2.0     3106169   
     3.0     2875253   
     4.0     2648745   
     5.0     2507164   
     6.0     2388080   
     7.0     2284852   
     8.0     2218422   
     9.0     2190486   
    10.0     2157929   
    11.0           0
    12.0           0
    13.1           0
    14.1           0
    15.1           0
    16.1           0
    17.1           0
    18.1           0
    19.1           0
    20.1           0
    21.1           0
    22.1           0
    23.1           0
    24.1           0
    25.1           0
    26.1           0
    27.1           0
    28.1           0
    29.1           0
    30.1           0
    31.1           0
    32.1           0
    33.1           0
    34.1           0
    35.1           0
    36.1           0
    37.1           0
    38.2           0
    39.2           0
    40.2           0
    41.2           0
    42.2           0
    43.2           0
    44.2           0
    45.2           0
    46.2           0
    47.2           0
    48.2           0
    49.2           0
    50.2           0
    51.2           0
    52.2           0
    53.2           0
    54.3           0
    55.2           0
    56.2           0
    57.2           0
    58.2           0
    59.2           0
    60.2           0
    61.2           0
    62.2           0
    63.3           0
    64.3           0
    65.3           0
    66.3           0
    67.3           0
    68.3           0
    69.3           0
    70.3           0
    71.3           0
    72.3           0
    73.3           0
    74.3           0
    75.3           0
    76.3           0
    77.3           0
    78.3           0
    79.3           0
    80.3           0
    81.3           0
    82.4           0
    83.3           0
    84.3           0
    85.3           0
    86.3           0
    87.3           0
    88.4           0
    89.4           0
    90.4           0
    91.4           0
    92.4           0
    93.4           0
    94.4           0
    95.4           0
    96.4           0
    97.4           0
    98.4           0
    99.4           0
   100.4           0


##### SMR-NOMEMBAR UPDATES 50%
#Elapsed  Throughput  
     1.0      686226  
     2.0      596255  
     3.0      587696  
     4.0      583368  
     5.0      582924  
     6.0      582733  
     7.0      582712  
     8.0      581835  
     9.0      581808  
    10.0      581338  
    11.0      548900  
    12.1      550251  
    13.1      549029  
    14.1      547903  
    15.1      549406  
    16.1      549058  
    17.1      549445  
    18.1      548049  
    19.1      548041  
    20.1      548547  
    21.1      583853  
    22.1      584275  
    23.1      582348  
    24.1      585631  
    25.1      583967  
    26.1      584625  
    27.1      584835  
    28.1      583348  
    29.1      583364  
    30.1      584621  
    31.1      551603  
    32.1      549392  
    33.1      550364  
    34.1      550804  
    35.1      548642  
    36.1      550295  
    37.1      552149  
    38.2      552858  
    39.2      552754  
    40.2      552850  
    41.2      589660  
    42.2      586850  
    43.2      586613  
    44.2      588417  
    45.2      589131  
    46.2      587250  
    47.2      586999  
    48.2      587560  
    49.2      587042  
    50.2      587531  
    51.2      552641  
    52.2      553900  
    53.2      554565  
    54.2      553181  
    55.2      553449  
    56.2      551789  
    57.2      552043  
    58.2      553023  
    59.2      552834  
    60.2      551884  
    61.2      588146  
    62.2      585893  
    63.3      587076  
    64.3      588688  
    65.3      584671  
    66.3      588411  
    67.3      589783  
    68.3      588110  
    69.3      588155  
    70.3      587738  
    71.3      552979  
    72.3      553269  
    73.3      552505  
    74.3      551997  
    75.3      551507  
    76.3      552420  
    77.3      552452  
    78.3      552117  
    79.3      551788  
    80.3      553453  
    81.3      588861  
    82.3      586921  
    83.3      587489  
    84.3      586176  
    85.3      587442  
    86.3      586074  
    87.3      588550  
    88.4      586217  
    89.4      589322  
    90.4      587704  
    91.4      553091  
    92.4      551984  
    93.4      554984  
    94.4      553011  
    95.4      552467  
    96.5      551230  
    97.4      551107  
    98.4      553462  
    99.4      554242  
   100.4      555472  


