###################### SMR 2K, u0, u10, u50, u100
## SMR ## SMR no MEMBAR ## OPT 1 ## OPT 2 ## OPT 3 ## OPT 4 ## OPT 5 ## OPT 6 ## OPT 7
#cores  throughput throughput throughput throughput  throughput throughput  throughput throughput  throughput throughput   
1       88548      494015     493759     490806      492519     493239      493074     490904      498071     489761      
2       176777     996563     999926     996724      1000290    1001259     993186     991561      1002510    995209       
4       353547     1975089    1980379    1986155     1969118    1960595     1998850    2007147     1973215    1974786      
8       712952     3942849    3990350    3963298     3973987    3966995     3964018    3939338     3977541    4017500      
16      1417892    7910533    8001365    7866089     7988366    7929981     7926704    7911866     8013530    7900311       
32      2849664    15771195   15740685   15831174    15662086   15907727    15827338   15762930    15797298   15872453      
48      4331049    23537732   23679123   23939956    23699928   23717007    23783878   24055255    23642411   23629941 


#cores  throughput throughput throughput throughput  throughput throughput  throughput throughput  throughput throughput   
1       88573      189447     190547     190182      376695     376797      388996     386283      384335     385836      
2       176397     363227     364508     362691      692698     692907      701245     695313      701990     701391       
4       347010     702394     709131     699717      1302240    1293608     1296439    1267133     1314572    1309782      
8       663853     1356777    1373840    1350018     2342080    2330265     2312743    2229693     2350095    2352548      
16      1183234    2498140    2499462    2445417     3514212    3464634     3441911    3251199     3514631    3478563       
32      1779851    3363245    3410487    3209687     3576578    3645487     3668386    3416866     3633555    3527413       
48      1811375    3184893    3074785    3004895     7584275    7547786     3173876    3103642     7569079    7521077 


#cores  throughput throughput throughput throughput  throughput throughput  throughput throughput  throughput throughput   
1       87138      47003      47759      47441       250501     249239      321496     310184      324028     321268      
2       170937     93266      94201      93759       482622     479164      597865     563419      600524     595705       
4       327803     185786     186983     185972      906778     901119      1042898    960338      1051925    1057058      
8       575781     365988     370496     364954      1471835    1481525     1551934    1381596     1565733    1557090      
16      848592     707487     719851     698771      1906881    1926404     1877347    1620758     1948856    1964970      
32      1036860    1203906    1205524    1117554     1843181    1853970     1805698    1519156     1841219    1857153       
48      972013     1321970    1294559    1177659     4860953    4864136     1494353    1320586     4872309    4891033  

    
#cores  throughput throughput throughput throughput  throughput throughput  throughput throughput  throughput throughput   
1       85483      24283      24570      24463       170998     169001      296500     276749      299954     295295      
2       164738     48296      48775      48500       332283     329630      527399     478589      534560     525936       
4       308670     96120      97061      96406       636232     630819      863156     757322      881767     868645       
8       506212     190577     192410     189995      1047756    1042618     1154195    988666      1177014    1171429      
16      670974     372267     376040     365977      1316581    1335486     1299798    1061873     1366612    1394216      
32      750023     668877     670515     617695      1242578    1245153     1224214    995024      1249773    1258399      
48      666712     799443     777440     696232      3713975    3717201     959284     832833      3720264    3715818      

