##### -n16 -u10 -x100 -i1024 -r2048
##### NORMAL HYBRID UPDATES 10%
#Elapsed  Throughput    RCount
     1.0     4411279        95
     2.0     4210329        91
     3.0     4059635       106
     4.0     3706252       100
     5.0     3448057       116
     6.0     3372431        85
     7.0     3333619       101
     8.0     3284293       117
     9.0     3207187       128
    10.0     3172921       109
    11.0     4376428    109873
    12.0     4807139    230518
    13.1     2049474     10887
    14.1     2137604     10633
    15.1     2158404     10747
    16.1     2061916     10262
    17.1     1853865      9166
    18.1     1795337      8981
    19.1     1748192      8674
    20.1     1727890      8553
    21.1     2308371       104
    22.1     2137192        92
    23.1     2094299       114
    24.1     2037083       110
    25.1     2005260       120
    26.1     1971299       101
    27.1     1922738       100
    28.1     1893100       108
    29.1     1868389        95
    30.1     1829139        96
    31.1     1707615     42773
    32.1     1749199     86678
    33.1     1659924    128672
    34.1     1694693    171039
    35.1     1677748    213124
    36.1     1464483      7083
    37.1     1415530      7164
    38.2     1421827      6919
    39.2     1409186      6944
    40.2     1401112      6973
    41.2     1763293       103
    42.2     1750967        96
    43.2     1757350       100
    44.2     1786335       102
    45.2     1718561        99
    46.2     1730755       108
    47.2     1735494        89
    48.2     1752393        97
    49.2     1780365       115
    50.2     1760135       121
    51.3     1614659     40542
    52.2     1622075     81208
    53.2     1622066    121816
    54.2     1642277    162923
    55.2     1687150    205081
    56.2     1462301      6946
    57.2     1369465      6910
    58.2     1374082      6944
    59.2     1376484      6697
    60.2     1377013      6892
    61.2     1765893       100
    62.2     1774626       115
    63.3     1733145        96
    64.3     1709672        86
    65.3     1743050        85
    66.3     1753410        96
    67.3     1781926        94
    68.3     1764768        97
    69.3     1737528       110
    70.3     1738599       120
    71.3     1643572     41375
    72.3     1651771     82775
    73.3     1688934    125230
    74.3     1646337    166372
    75.3     1639636    207457
    76.3     1460897      6939
    77.3     1401112      7004
    78.3     1408929      7151
    79.4     1414104      7194
    80.3     1405851      7074
    81.3     1767287        91
    82.3     1788734        96
    83.3     1763778        98
    84.3     1799393       108
    85.3     1824063       110
    86.3     1796040       114
    87.3     1797809       107
    88.4     1774474       126
    89.4     1784730        98
    90.4     1827862       123
    91.4     1715099     43194
    92.4     1651203     84459
    93.4     1697114    126891
    94.4     1688383    169210
    95.4     1693006    211520
    96.4     1421578      7167
    97.4     1442543      7158
    98.4     1427124      7020
    99.4     1435108      7200
   100.4     1437320      7301



##### QSBR UPDATES 10%
#Elapsed  Throughput    
     1.0     5477044    
     2.0     5106773    
     3.0     5065680    
     4.0     4881945    
     5.0     4593525    
     6.0     4440365    
     7.0     4207469    
     8.0     4034852    
     9.0     3910701    
    10.0     3827175    
    11.0     6048007    
    12.0           0
    13.1           0
    14.1           0
    15.1           0
    16.1           0
    17.1           0
    18.1           0
    19.1           0
    20.1           0
    21.1           0
    22.1           0
    23.1           0
    24.1           0
    25.1           0
    26.1           0
    27.1           0
    28.1           0
    29.1           0
    30.1           0
    31.1           0
    32.1           0
    33.1           0
    34.1           0
    35.1           0
    36.1           0
    37.1           0
    38.2           0
    39.2           0
    40.2           0
    41.2           0
    42.2           0
    43.2           0
    44.2           0
    45.2           0
    46.2           0
    47.2           0
    48.2           0
    49.2           0
    50.2           0
    51.2           0
    52.2           0
    53.2           0
    54.3           0
    55.2           0
    56.2           0
    57.2           0
    58.2           0
    59.2           0
    60.2           0
    61.2           0
    62.2           0
    63.3           0
    64.3           0
    65.3           0
    66.3           0
    67.3           0
    68.3           0
    69.3           0
    70.3           0
    71.3           0
    72.3           0
    73.3           0
    74.3           0
    75.3           0
    76.3           0
    77.3           0
    78.3           0
    79.3           0
    80.3           0
    81.3           0
    82.4           0
    83.3           0
    84.3           0
    85.3           0
    86.3           0
    87.3           0
    88.4           0
    89.4           0
    90.4           0
    91.4           0
    92.4           0
    93.4           0
    94.4           0
    95.4           0
    96.4           0
    97.4           0
    98.4           0
    99.4           0
   100.4           0


##### SMR-NOMEMBAR UPDATES 10%
#Elapsed  Throughput  
     1.0     1881572  
     2.0     1483680  
     3.0     1421208  
     4.0     1408598  
     5.0     1397661  
     6.0     1409033  
     7.0     1407536  
     8.0     1402269  
     9.0     1415855  
    10.0     1418110  
    11.0     1337613  
    12.0     1337130  
    13.1     1337652  
    14.1     1345600  
    15.1     1342173  
    16.1     1346164  
    17.1     1342751  
    18.1     1331989  
    19.1     1340914  
    20.1     1336904  
    21.1     1415071  
    22.1     1415860  
    23.1     1425068  
    24.1     1417321  
    25.1     1417409  
    26.1     1419897  
    27.1     1408140  
    28.1     1425385  
    29.1     1423615  
    30.1     1430392  
    31.1     1352041  
    32.1     1345277  
    33.1     1337036  
    34.1     1355447  
    35.1     1354267  
    36.1     1361778  
    37.1     1344778  
    38.2     1349891  
    39.2     1360619  
    40.2     1344882  
    41.2     1432673  
    42.2     1430703  
    43.2     1431219  
    44.2     1426228  
    45.2     1425077  
    46.2     1427646  
    47.2     1423297  
    48.2     1423846  
    49.2     1439477  
    50.2     1429778  
    51.2     1355952  
    52.2     1355417  
    53.2     1352017  
    54.2     1342576  
    55.2     1347710  
    56.2     1341948  
    57.2     1351778  
    58.2     1343308  
    59.2     1346809  
    60.2     1331463  
    61.2     1419306  
    62.2     1417689  
    63.3     1401062  
    64.3     1407869  
    65.3     1405004  
    66.3     1416425  
    67.3     1404362  
    68.3     1419821  
    69.3     1420253  
    70.3     1417660  
    71.3     1327499  
    72.3     1339299  
    73.3     1341522  
    74.3     1330847  
    75.4     1338534  
    76.3     1343675  
    77.3     1349436  
    78.3     1343484  
    79.3     1337752  
    80.3     1337099  
    81.3     1404912  
    82.3     1412391  
    83.3     1401474  
    84.3     1411821  
    85.3     1387783  
    86.3     1404673  
    87.3     1411556  
    88.4     1398345  
    89.4     1404417  
    90.4     1397617  
    91.4     1333825  
    92.4     1323998  
    93.4     1332475  
    94.4     1320819  
    95.4     1316124  
    96.4     1317760  
    97.4     1336501  
    98.4     1317499  
    99.4     1318299  
   100.4     1325179  


##### LAZY HYBRID UPDATES 10%
#Elapsed  Throughput    RCount
     1.0     4510882       115
     2.0     4171953       100
     3.0     3973387        94
     4.0     3750523       100
     5.0     3696282       109
     6.0     3527855       103
     7.0     3413999       126
     8.0     3341218       121
     9.0     3261167        91
    10.0     3218890       100
    11.0     4819018    120983
    12.0     4727418    222330
    13.1     2191073     32676
    14.1     1960217     57498
    15.1     1860184     81032
    16.1     1882850    104738
    17.1     1856585    128196
    18.1     1738362    150230
    19.1     1672241    171329
    20.1     1635660    191860
    21.1     1735852       591
    22.1     1763916       593
    23.1     1773299       586
    24.1     1746805       609
    25.1     1734772       589
    26.1     1729430       595
    27.1     1735072       572
    28.1     1713222       569
    29.1     1725831       596
    30.1     1716427       583
    31.1     1613401     41139
    32.1     1614068     81553
    33.1     1603377    121855
    34.1     1610962    162562
    35.1     1630127    203488
    36.1     1585987    148061
    37.1     1626271     39911
    38.2     1593599     43138
    39.2     1602139     63291
    40.2     1585083     83290
    41.2     1721747       618
    42.2     1718053       614
    43.2     1741218       609
    44.2     1722973       595
    45.2     1729752       604
    46.2     1709656       589
    47.2     1742336       601
    48.2     1705987       593
    49.2     1726889       598
    50.2     1749417       590
    51.2     1625146     41402
    52.3     1620964     82361
    53.2     1646756    123866
    54.2     1625048    164866
    55.2     1663696    206679
    56.2     1643562    194803
    57.2     1632665     57607
    58.2     1622091     43845
    59.2     1627680     64421
    60.2     1617496     84774
    61.2     1781287       606
    62.2     1760820       592
    63.3     1758786       594
    64.3     1780325       608
    65.3     1758617       604
    66.3     1753006       596
    67.3     1792205       591
    68.3     1814541       589
    69.3     1793537       610
    70.3     1792010       608
    71.3     1675680     42726
    72.3     1673495     84600
    73.3     1686196    126979
    74.3     1708424    169886
    75.3     1691408    212394
    76.3     1685504    152022
    77.3     1675022     43183
    78.3     1680753     46828
    79.3     1688776     68203
    80.4     1710325     89735
    81.3     1837584       583
    82.3     1847640       605
    83.3     1820763       603
    84.3     1829550       599
    85.3     1853428       606
    86.3     1859667       601
    87.3     1854518       593
    88.4     1831153       595
    89.4     1842143       610
    90.4     1844700       613
    91.4     1752408     44663
    92.4     1754364     88890
    93.4     1761983    133213
    94.4     1750487    177314
    95.4     1718704    220492
    96.4     1754313     93564
    97.4     1762726     32528
    98.4     1762898     54816
    99.4     1746751     76812
   100.4     1760555     99086
