###################### SMR 200, u0, u10, u50, u100

## SMR ## SMR no MEMBAR ## OPT 0 ## OPT 1 ## OPT 2 ## OPT 3 ## OPT 4 ## OPT 5 ## OPT 6 ## OPT 7
#cores  throughput 
1       699803     3636103    3573421    3588457    3591690    3666961    3644506    3700725    3562593    3703472  
2       1387244    7267011    7322362    7153966    7339586    7234293    7079843    7130789    7105753    7284253   
4       2831362    14690052   13986030   14527314   14602128   14105679   14672264   14863840   14452214   14158017  
8       5384592    28402958   28830027   28586462   28538245   29041718   28992410   29460679   28411778   28220301  
16      11137299   57260109   58751534   57652824   56861048   58704956   59141112   58072109   56463482   56678157   
32      21982217   120588281  112443322  116216020  116372520  115069314  118040280  113955385  116172318  116016960  
48      34664281   174000642  170834302  173034755  173792640  170179046  167719929  170269728  178297813  171958367  


#cores  throughput 
1       685645     245444    247750   248393   1792387   1779258     3383623   3159149   3421302   3364097 
2       1341466    488053    493422   490330   3522407   3483053     5900875   5343843   6011093   5905482  
4       2567173    973511    981736   975844   6777539   6743738     9482447   8266574   9706463   9606572  
8       4336029    1942037   1952425  1932851  11294991  11247310    12246423  10411334  12689938  12358374 
16      5929964    3821956   3836592  3733692  12447655  12698535    12209446  10586788  12527981  12805347 
32      6361253    6967141   6922284  6385184  9552853   9605069     9828656   9300178   9555457   9687994  
48      5631779    7932785   7789551  7033158  14779288  14695451    7556726   7475916   14749936  14770100 


#cores  throughput 
1       673900     50604        50882       50885     476661    467320     2687903  2093767  2834513  2624760
2       1201988    100980       101796      101146    960974    943055     3732866  2813099  3903108  3788144 
4       2026790    200966       202693      201209    1953723   1920111    4590805  3538675  4750480  4717411 
8       2624137    400225       404123      398420    3789646   3744991    4609740  3621576  5035187  5016425 
16      2776590    788575       795545      776659    4219605   4362879    4187620  3215124  4211461  4307643 
32      2393876    1509190      1517429     1397453   3140230   3186999    3439408  2842984  3138709  3167170 
48      1866591    2063756      2026722     1749026   6274690   6258609    2434668  2224786  6245090  6265948 


#cores  throughput 
1       660788     25358        25630       25420     247663    242646   2166082  1488443  2369493  2066655
2       1082386    50616        51088       50811     500149    490670   2623075  1807694  2820558  2697120 
4       1643321    100935       101765      101082    1027030   1007504  2912947  2132860  3084021  3064203 
8       1880907    201064       202927      200518    2087802   2055549  2783038  2079402  3110931  3087617 
16      1803685    397320       400578      388697    2467817   2553494  2435146  1780954  2459374  2504995 
32      1427438    765126       768938      707891    1840562   1838122  1937200  1562858  1819504  1845136 
48      1054749    1076015      1064436     911144    4401171   4405489  1339486  1185026  4408667  4390811   