## SMR ## SMR no MEMBAR   ## OPT 0   ## OPT 1  ## OPT 2  ## OPT 3 ## OPT 4    ## OPT 5   ## OPT 6    ## OPT 7 
#u0
1       4568     15320   15371    15399    15381      15347   15358    15311   15284   15289         
2       9091     30645   30678    30651    30733      30621   30761    30692   30538   30700         
4       18207    61371   61359    61286    61342      61285   61338    61342   61386   61419          
8       36389    122617  123168   122722   122154     122884  122826   121776  122572  122720         
16      72653    245344  245666   244673   245652     244947  245698   245064  244376  244739         
32      145115   490575  491064   491087   490882     490918  491013   490803  489567  490127          
48      217906   734652  738076   737681   737179     737296  734555   734840  734927  734202


#u10
1       4544     14846   14891    14788    14804      14825   14903    14868   14830   14853         
2       9132     29752   29630    29690    29635      29723   29723    29622   29683   29717         
4       18204    59335   59163    59174    58613      58870   58894    59171   58646   58778          
8       36255    116032  114766   116100   114094     114010  116658   116359  113432  114184         
16      70415    212124  212717   214216   206149     207472  213015   212225  206112  205429         
32      131414   335410  340809   332239   334009     331120  334260   338584  330071  331012          
48      180426   370302  370504   371843   374206     374555  369789   375060  376862  378343          


#u50
1       4573     12393   12369    12351    13206      13152   13210    13153   13186   13240         
2       9166     24525   24448    24536    26101      26037   25970    26201   26158   26134         
4       18252    48033   47669    47616    49813      49576   50556    50651   50059   50161          
8       36210    90126   89551    89501    93236      92397   95273    96156   92041   91198          
16      68308    154199  157253   156071   154560     153400  164117   161769  155191  153114         
32      115919   237988  238773   238942   219638     221248  238640   242171  219616  220730          
48      137995   247658  242841   242769   286428     286844  245473   244979  286056  286000          


#u100
1       4625     9796    9852     9793     11632      11644   11584    11607   11628   11538         
2       9224     19131   19335    19225    22780      22788   22899    22781   22927   22914         
4       18360    36833   37213    37004    42796      43133   43129    42668   43090   42801          
8       36086    68988   69885    68983    78192      77571   78522    77848   77212   77507          
16      66115    119437  120956   118589   126411     126651  130652   127824  126029  126309         
32      103864   174446  173668   167792   169135     170527  180491   174011  171822  170506          
48      116176   186349  183546   186111   276253     278359  183875   183214  279493  276413          
  