##### -n16 -u50 -x100 -i1024 -r2048 #####
##### NORMAL HYBRID UPDATES 50%
#Elapsed  Throughput    RCount
     1.0     2957054       534
     2.0     2596276       567
     3.0     2451203       504
     4.0     2357621       524
     5.0     2235182       492
     6.0     2192379       540
     7.0     2143060       525
     8.0     2088601       500
     9.0     2074731       550
    10.1     2047225       513
    11.0     2040654     15863
    12.0      628959     15517
    13.1      609582     15207
    14.1      597698     15024
    15.1      591728     14759
    16.1      586479     14627
    17.1      583252     14484
    18.1      579225     14427
    19.1      579013     14527
    20.1      576885     14238
    21.1     1675817       504
    22.1     1647259       521
    23.1     1644358       541
    24.1     1646806       501
    25.1     1653138       547
    26.1     1664596       474
    27.1     1662658       513
    28.1     1669460       556
    29.1     1680424       619
    30.1     1684820       500
    31.1     1594909    200511
    32.1      644496     14550
    33.1      576968     14426
    34.1      575798     14391
    35.1      583767     14539
    36.1      577550     14381
    37.1      577111     14427
    38.2      580222     14567
    39.2      579115     14383
    40.2      576467     14521
    41.2     1724261       528
    42.2     1738433       568
    43.2     1756451       525
    44.2     1765426       520
    45.2     1765664       496
    46.2     1771161       510
    47.2     1792158       494
    48.2     1804390       536
    49.2     1807224       556
    50.2     1807332       555
    51.2     1731244    217493
    52.2      556094     14686
    53.2      586714     14595
    54.2      588925     14781
    55.2      588597     14684
    56.2      586531     14638
    57.2      588079     14815
    58.2      589330     14766
    59.2      586810     14633
    60.2      583413     14765
    61.2     1845845       503
    62.2     1838652       511
    63.3     1852080       547
    64.3     1856534       471
    65.3     1863264       474
    66.3     1864727       520
    67.3     1866509       495
    68.3     1881652       512
    69.3     1882123       494
    70.3     1877285       508
    71.3     1676469     32482
    72.3      577143     14789
    73.3      588554     14913
    74.3      592124     14788
    75.3      588455     14733
    76.3      589216     14811
    77.3      590759     14724
    78.3      590812     14793
    79.3      589507     14831
    80.3      591211     14748
    81.3     1882162       599
    82.3     1885618       559
    83.3     1884463       533
    84.3     1904054       501
    85.3     1892217       470
    86.3     1892993       505
    87.3     1899363       521
    88.4     1897121       481
    89.4     1902190       508
    90.4     1896373       505
    91.4     1657854     27508
    92.4      588164     14813
    93.4      589098     14822
    94.4      592656     14793
    95.5      589810     14856
    96.4      592673     14792
    97.4      590622     14818
    98.4      591309     14713
    99.4      592599     14844
   100.4      590866     14791


##### QSBR UPDATES 50%
#Elapsed  Throughput   
     1.0     3481014   
     2.0     3113154   
     3.0     2724375   
     4.0     2658957   
     5.0     2617243   
     6.0     2536193   
     7.0     2479689   
     8.0     2391530   
     9.0     2361197   
    10.0     2357068   
    11.0           0
    12.0           0
    13.1           0
    14.1           0
    15.1           0
    16.1           0
    17.1           0
    18.1           0
    19.1           0
    20.1           0
    21.1           0
    22.1           0
    23.1           0
    24.1           0
    25.1           0
    26.1           0
    27.1           0
    28.1           0
    29.1           0
    30.1           0
    31.1           0
    32.1           0
    33.1           0
    34.1           0
    35.1           0
    36.1           0
    37.1           0
    38.2           0
    39.2           0
    40.2           0
    41.2           0
    42.2           0
    43.2           0
    44.2           0
    45.2           0
    46.2           0
    47.2           0
    48.2           0
    49.2           0
    50.2           0
    51.2           0
    52.2           0
    53.2           0
    54.3           0
    55.2           0
    56.2           0
    57.2           0
    58.2           0
    59.2           0
    60.2           0
    61.2           0
    62.2           0
    63.3           0
    64.3           0
    65.3           0
    66.3           0
    67.3           0
    68.3           0
    69.3           0
    70.3           0
    71.3           0
    72.3           0
    73.3           0
    74.3           0
    75.3           0
    76.3           0
    77.3           0
    78.3           0
    79.3           0
    80.3           0
    81.3           0
    82.4           0
    83.3           0
    84.3           0
    85.3           0
    86.3           0
    87.3           0
    88.4           0
    89.4           0
    90.4           0
    91.4           0
    92.4           0
    93.4           0
    94.4           0
    95.4           0
    96.4           0
    97.4           0
    98.4           0
    99.4           0
   100.4           0
   

##### SMR-NOMEMBAR UPDATES 50%
#Elapsed  Throughput 
     1.0      683679 
     2.0      602567 
     3.0      588129 
     4.0      584424 
     5.0      581872 
     6.0      579191 
     7.0      582664 
     8.0      582809 
     9.0      581185 
    10.0      582379 
    11.1      548622 
    12.0      548284 
    13.1      549868 
    14.1      547753 
    15.1      550796 
    16.1      549168 
    17.1      551566 
    18.1      552084 
    19.1      550316 
    20.1      550134 
    21.1      584953 
    22.1      584761 
    23.1      585649 
    24.1      584797 
    25.1      587072 
    26.1      585011 
    27.1      586269 
    28.1      585208 
    29.1      583773 
    30.1      585918 
    31.1      550477 
    32.1      551844 
    33.1      550884 
    34.1      553017 
    35.1      552936 
    36.1      551130 
    37.1      552903 
    38.2      553519 
    39.2      554496 
    40.2      551112 
    41.2      588622 
    42.2      584638 
    43.2      586637 
    44.2      584910 
    45.2      587219 
    46.2      586020 
    47.2      584417 
    48.2      584340 
    49.2      585002 
    50.2      587722 
    51.2      549818 
    52.2      555787 
    53.2      552224 
    54.2      554056 
    55.2      550899 
    56.2      552325 
    57.2      552242 
    58.2      553291 
    59.2      553317 
    60.2      554164 
    61.2      586847 
    62.2      587279 
    63.3      587730 
    64.3      587151 
    65.3      586888 
    66.3      588244 
    67.3      587272 
    68.3      586909 
    69.3      584231 
    70.3      588426 
    71.3      551828 
    72.3      553496 
    73.3      555007 
    74.3      555013 
    75.3      552524 
    76.3      554504 
    77.3      553975 
    78.3      555520 
    79.3      554739 
    80.3      556423 
    81.3      592444 
    82.3      589877 
    83.3      589850 
    84.3      588631 
    85.3      588250 
    86.3      587796 
    87.3      588769 
    88.4      587765 
    89.4      589337 
    90.4      587946 
    91.4      555798 
    92.4      555972 
    93.4      554969 
    94.4      553810 
    95.5      554900 
    96.4      554638 
    97.4      553652 
    98.4      553816 
    99.4      553732 
   100.4      555706 


##### LAZY HYBRID UPDATES 50%
#Elapsed  Throughput    RCount
     1.0     2903793       525
     2.0     2579142       479
     3.0     2332500       528
     4.0     2192874       489
     5.0     2196719       490
     6.0     2177084       486
     7.0     2162293       517
     8.0     2127251       495
     9.0     2106926       524
    10.0     2076412       506
    11.0     2702497    115824
    12.0     1643209    167236
    13.1     1499492    121922
    14.1     1479778    147311
    15.1     1463425    113907
    16.1     1484099    152187
    17.1     1483080    121533
    18.1     1488220    131950
    19.1     1488112    130273
    20.1     1503489    128236
    21.1     1653364      1082
    22.1     1676258      1047
    23.1     1695558      1024
    24.1     1710524       986
    25.1     1716072      1055
    26.1     1735461      1057
    27.1     1762270      1015
    28.1     1772850       977
    29.1     1784126      1035
    30.1     1811789      1047
    31.1     1701168    199158
    32.1     1669684    112413
    33.1     1687543    182991
    34.1     1694288    123009
    35.1     1707524    194438
    36.1     1699672    124202
    37.1     1718936    168017
    38.2     1719454    138845
    39.2     1727731    118738
    40.2     1730420    144699
    41.2     1887758      1015
    42.2     1898427       992
    43.2     1898277      1027
    44.2     1913661      1067
    45.2     1913527      1011
    46.2     1917902      1048
    47.2     1915631      1001
    48.2     1909706      1024
    49.2     1915375      1044
    50.2     1927773      1060
    51.2     1802578    201469
    52.2     1755897    122190
    53.2     1757973    172320
    54.3     1765413    133903
    55.2     1755825    117391
    56.2     1763781    171194
    57.2     1751557    124121
    58.2     1758349    144255
    59.2     1762535    121786
    60.2     1760429    152550
    61.2     1910532      1047
    62.2     1930376      1063
    63.3     1930761      1107
    64.3     1920670      1038
    65.3     1930778      1012
    66.3     1931439      1049
    67.3     1931204      1019
    68.3     1922726      1086
    69.3     1926827      1019
    70.3     1937774      1013
    71.3     1805155    201250
    72.3     1750273    121198
    73.3     1771582    172328
    74.3     1760443    133344
    75.3     1758400    130089
    76.3     1765546    170857
    77.3     1759473    124257
    78.3     1755514    157052
    79.3     1748966    134591
    80.3     1771109    151887
    81.3     1919916      1027
    82.4     1918860      1082
    83.3     1928201      1030
    84.3     1921838      1014
    85.3     1930306      1003
    86.3     1923144      1048
    87.3     1928997      1059
    88.4     1923757      1093
    89.4     1930916      1033
    90.4     1924619      1002
    91.4     1802935    200526
    92.4     1757526    121393
    93.4     1768875    172781
    94.4     1762962    133228
    95.4     1757508    131703
    96.4     1760888    154491
    97.4     1753313    138792
    98.4     1756162    140365
    99.4     1759480    159735
   100.4     1762877    123066


