#####  -n16 -u10 -x100 -i1024 -r2048
##### NORMAL HYBRID UPDATES 10%
#Elapsed  Throughput 
     1.0     4426890 
     2.0     4185820 
     3.0     4087857 
     4.0     3656581 
     5.0     3493985 
     6.0     3388620 
     7.0     3255398 
     8.0     3117808 
     9.0     2962546 
    10.0     2882475 
    11.0     4432819 
    12.0     2067486 
    13.1     1963564 
    14.1     1739945 
    15.1     1710940 
    16.1     1652517 
    17.1     1601725 
    18.1     1574524 
    19.1     1532008 
    20.1     1531257 
    21.1     2001960 
    22.1     1912502 
    23.1     1929673 
    24.1     1889187 
    25.1     1905723 
    26.1     1906234 
    27.1     1812853 
    28.1     1815677 
    29.1     1845541 
    30.1     1784402 
    31.1     1709145 
    32.1     1649683 
    33.1     1662489 
    34.1     1424125 
    35.1     1380350 
    36.1     1470354 
    37.1     1415295 
    38.2     1389895 
    39.2     1471566 
    40.2     1424976 
    41.2     1775411 
    42.2     1842420 
    43.2     1804228 
    44.2     1724767 
    45.2     1821065 
    46.2     1778494 
    47.2     1755165 
    48.2     1796390 
    49.2     1766556 
    50.2     1785831 
    51.2     1679595 
    52.2     1615235 
    53.2     1511286 
    54.2     1413471 
    55.2     1379839 
    56.2     1392523 
    57.2     1406828 
    58.2     1395765 
    59.2     1405584 
    60.2     1397205 
    61.2     1764095 
    62.2     1768702 
    63.3     1775489 
    64.3     1743125 
    65.3     1784578 
    66.3     1780166 
    67.3     1728706 
    68.3     1764367 
    69.3     1751457 
    70.3     1740373 
    71.3     1651692 
    72.3     1622585 
    73.3     1493600 
    74.3     1399085 
    75.3     1400366 
    76.3     1401085 
    77.4     1400607 
    78.3     1406032 
    79.3     1389479 
    80.3     1400951 
    81.3     1754205 
    82.3     1755081 
    83.3     1771116 
    84.3     1747019 
    85.3     1747273 
    86.3     1764910 
    87.3     1752118 
    88.4     1737735 
    89.4     1767343 
    90.4     1723526 
    91.4     1658195 
    92.4     1650979 
    93.4     1452802 
    94.4     1399023 
    95.4     1380862 
    96.4     1377335 
    97.4     1388454 
    98.4     1378063 
    99.4     1385107 
   100.4     1365368 


##### QSBR UPDATES 10%
#Elapsed  Throughput   
     1.0     5447816   
     2.0     5181479   
     3.0     4936222   
     4.0     4781710   
     5.0     4655228   
     6.0     4552982   
     7.0     4229144   
     8.0     4064307   
     9.0     3973003   
    10.0     3883196   
    11.0           0
    12.0           0
    13.1           0
    14.1           0
    15.1           0
    16.1           0
    17.1           0
    18.1           0
    19.1           0
    20.1           0
    21.1           0
    22.1           0
    23.1           0
    24.1           0
    25.1           0
    26.1           0
    27.1           0
    28.1           0
    29.1           0
    30.1           0
    31.1           0
    32.1           0
    33.1           0
    34.1           0
    35.1           0
    36.1           0
    37.1           0
    38.2           0
    39.2           0
    40.2           0
    41.2           0
    42.2           0
    43.2           0
    44.2           0
    45.2           0
    46.2           0
    47.2           0
    48.2           0
    49.2           0
    50.2           0
    51.2           0
    52.2           0
    53.2           0
    54.3           0
    55.2           0
    56.2           0
    57.2           0
    58.2           0
    59.2           0
    60.2           0
    61.2           0
    62.2           0
    63.3           0
    64.3           0
    65.3           0
    66.3           0
    67.3           0
    68.3           0
    69.3           0
    70.3           0
    71.3           0
    72.3           0
    73.3           0
    74.3           0
    75.3           0
    76.3           0
    77.3           0
    78.3           0
    79.3           0
    80.3           0
    81.3           0
    82.4           0
    83.3           0
    84.3           0
    85.3           0
    86.3           0
    87.3           0
    88.4           0
    89.4           0
    90.4           0
    91.4           0
    92.4           0
    93.4           0
    94.4           0
    95.4           0
    96.4           0
    97.4           0
    98.4           0
    99.4           0
   100.4           0


##### SMR-NOMEMBAR UPDATES 10%
#Elapsed  Throughput  
     1.0     1865952  
     2.0     1494117  
     3.0     1422921  
     4.0     1409671  
     5.0     1418710  
     6.0     1413766  
     7.0     1410799  
     8.0     1412813  
     9.0     1415215  
    10.0     1410626  
    11.1     1333516  
    12.0     1325320  
    13.1     1341602  
    14.1     1335995  
    15.1     1339726  
    16.1     1335338  
    17.1     1329449  
    18.1     1329106  
    19.1     1335030  
    20.1     1331896  
    21.1     1417465  
    22.1     1418399  
    23.1     1417895  
    24.1     1406026  
    25.1     1408437  
    26.1     1420242  
    27.1     1436869  
    28.1     1424043  
    29.1     1423365  
    30.1     1429441  
    31.1     1354670  
    32.1     1351170  
    33.1     1352811  
    34.1     1348332  
    35.1     1346961  
    36.1     1344233  
    37.1     1342299  
    38.2     1338267  
    39.2     1347006  
    40.2     1344936  
    41.2     1431210  
    42.2     1420398  
    43.2     1429772  
    44.2     1423750  
    45.2     1430314  
    46.2     1439140  
    47.2     1437169  
    48.2     1436055  
    49.2     1444734  
    50.2     1432817  
    51.2     1360429  
    52.2     1370956  
    53.2     1368485  
    54.2     1365706  
    55.2     1355871  
    56.2     1367719  
    57.2     1358744  
    58.2     1364350  
    59.2     1367455  
    60.2     1365705  
    61.2     1454374  
    62.2     1444124  
    63.3     1441290  
    64.3     1453982  
    65.3     1455268  
    66.3     1452639  
    67.3     1450386  
    68.3     1455318  
    69.3     1460812  
    70.3     1455345  
    71.3     1368499  
    72.3     1371991  
    73.3     1374181  
    74.3     1372901  
    75.3     1386714  
    76.3     1372869  
    77.3     1366093  
    78.3     1383594  
    79.3     1381643  
    80.3     1379720  
    81.3     1448114  
    82.3     1451352  
    83.3     1442125  
    84.3     1446569  
    85.3     1433388  
    86.3     1444539  
    87.3     1443331  
    88.4     1436284  
    89.4     1447604  
    90.4     1444477  
    91.4     1356738  
    92.4     1364052  
    93.4     1365776  
    94.4     1366538  
    95.5     1363925  
    96.4     1349571  
    97.4     1356526  
    98.4     1345299  
    99.4     1349443  
   100.4     1359103  
   
