###################### HYBRID 200, u0, u10, u50, u100

#       ./bin/lf-ll_hybrid_harris_opt   
#cores  throughput  %linear scalability 
1       5539164     100.00  1           
2       10915876    98.53   1.97        
4       20795170    93.86   3.75        
8       42013443    94.81   7.58        
16      73922896    83.41   13.35       
32      133595990   75.37   24.12       
40      149253785   67.36   26.95       
80      167366262   37.77   30.22       

#       ./bin/lf-ll_hybrid_harris_opt   
#cores  throughput  %linear scalability 
1       5311988     100.00  1           
2       9541591     89.81   1.80        
4       14806733    69.69   2.79        
8       22186135    52.21   4.18        
16      18054744    21.24   3.40        
32      20683638    12.17   3.89        
40      21936640    10.32   4.13        
80      20873809    4.91    3.93        

#       ./bin/lf-ll_hybrid_harris_opt   
#cores  throughput  %linear scalability 
1       4928316     100.00  1           
2       8050276     81.67   1.63        
4       13401888    67.98   2.72        
8       14732046    37.37   2.99        
16      9777628     12.40   1.98        
32      11516894    7.30    2.34        
40      12948662    6.57    2.63        
80      14519720    3.68    2.95        

#       ./bin/lf-ll_hybrid_harris_opt   
#cores  throughput  %linear scalability 
1       4664609     100.00  1           
2       6674182     71.54   1.43        
4       10520449    56.38   2.26        
8       9602691     25.73   2.06        
16      6188595     8.29    1.33        
32      8227744     5.51    1.76        
40      9561742     5.12    2.05        
80      12046673    3.23    2.58        

###################### QSBR 200, u0, u10, u50, u100
#       ./bin/lf-ll_qsbr_harris_opt     
#cores  throughput  %linear scalability 
1       5605497     100.00  1           
2       10760548    95.98   1.92        
4       21523432    95.99   3.84        
8       40313731    89.90   7.19        
16      82482375    91.97   14.71       
32      166623355   92.89   29.72       
40      206093864   91.92   36.77       
80      217421896   48.48   38.79       

#       ./bin/lf-ll_qsbr_harris_opt     
#cores  throughput  %linear scalability 
1       5481875     100.00  1           
2       10039637    91.57   1.83        
4       15280067    69.68   2.79        
8       17508961    39.92   3.19        
16      21538010    24.56   3.93        
32      24672528    14.06   4.50        
40      25548700    11.65   4.66        
80      25726419    5.87    4.69        

#       ./bin/lf-ll_qsbr_harris_opt     
#cores  throughput  %linear scalability 
1       5220711     100.00  1           
2       8745451     83.76   1.68        
4       16120751    77.20   3.09        
8       17394312    41.65   3.33        
16      16005892    19.16   3.07        
32      20317957    12.16   3.89        
40      20418295    9.78    3.91        
80      18736150    4.49    3.59        

#       ./bin/lf-ll_qsbr_harris_opt     
#cores  throughput  %linear scalability 
1       5062372     100.00  1           
2       7560603     74.67   1.49        
4       13284989    65.61   2.62        
8       12594889    31.10   2.49        
16      10911604    13.47   2.16        
32      13904118    8.58    2.75        
40      14593157    7.21    2.88        
80      13937045    3.44    2.75        

###################### SMR 200, u0, u10, u50, u100

#       ./bin/lf-ll_smr_harris_opt      
#cores  throughput  %linear scalability 
1       710271      100.00  1           
2       1463402     103.02  2.06        
4       2956569     104.06  4.16        
8       5591922     98.41   7.87        
16      9671367     85.10   13.62       
32      11008406    48.43   15.50       
40      13959490    49.13   19.65       
80      19795234    34.84   27.87       

#       ./bin/lf-ll_smr_harris_opt      
#cores  throughput  %linear scalability 
1       731450      100.00  1           
2       1423938     97.34   1.95        
4       2594607     88.68   3.55        
8       3616709     61.81   4.94        
16      4024299     34.39   5.50        
32      6675070     28.52   9.13        
40      8885778     30.37   12.15       
80      11682764    19.97   15.97       

#       ./bin/lf-ll_smr_harris_opt      
#cores  throughput  %linear scalability 
1       730383      100.00  1           
2       1367083     93.59   1.87        
4       2548584     87.23   3.49        
8       2994238     51.24   4.10        
16      3100195     26.53   4.24        
32      4419601     18.91   6.05        
40      5081874     17.39   6.96        
80      6146601     10.52   8.42        

#       ./bin/lf-ll_smr_harris_opt      
#cores  throughput  %linear scalability 
1       735425      100.00  1           
2       1328742     90.34   1.81        
4       2404370     81.73   3.27        
8       3114440     52.94   4.23        
16      2740466     23.29   3.73        
32      3117761     13.25   4.24        
40      3469911     11.80   4.72        
80      3869979     6.58    5.26        

###################### SMR no MEMBAR 200, u0, u10, u50, u100

#       ./bin/lf-ll_smr_no_membar_harris_opt
#cores  throughput  %linear scalability 
1       5568890     100.00  1           
2       10929237    98.13   1.96        
4       21041840    94.46   3.78        
8       41052361    92.15   7.37        
16      77010561    86.43   13.83       
32      131610853   73.85   23.63       
40      157421196   70.67   28.27       
80      163877620   36.78   29.43       

#       ./bin/lf-ll_smr_no_membar_harris_opt
#cores  throughput  %linear scalability 
1       474184      100.00  1           
2       943805      99.52   1.99        
4       1888529     99.57   3.98        
8       3451374     90.98   7.28        
16      6215497     81.92   13.11       
32      9594337     63.23   20.23       
40      10896245    57.45   22.98       
80      12268032    32.34   25.87       

#       ./bin/lf-ll_smr_no_membar_harris_opt
#cores  throughput  %linear scalability 
1       98399       100.00  1           
2       196852      100.03  2.00        
4       393442      99.96   4.00        
8       771231      97.97   7.84        
16      1493250     94.85   15.18       
32      2616110     83.08   26.59       
40      3093108     78.59   31.43       
80      3876442     49.24   39.40       

#       ./bin/lf-ll_smr_no_membar_harris_opt
#cores  throughput  %linear scalability 
1       49442       100.00  1           
2       98998       100.12  2.00        
4       197537      99.88   4.00        
8       391618      99.01   7.92        
16      768033      97.09   15.53       
32      1357744     85.82   27.46       
40      1618976     81.86   32.74       
80      2030361     51.33   41.07       

# Result from 5 repetitions: median
#       ./bin/lf-ll_harris_opt          
#cores  throughput  %linear scalability 
1       6471117     100.00  1           
2       12858565    99.35   1.99        
4       25788022    99.63   3.99        
8       51205008    98.91   7.91        
16      102972095   99.45   15.91       
32      200171470   96.67   30.93       
40      244767422   94.56   37.82       
80      244958523   47.32   37.85       

#       ./bin/lf-ll_harris_opt          
#cores  throughput  %linear scalability 
1       6252228     100.00  1           
2       12048310    96.35   1.93        
4       22417143    89.64   3.59        
8       32139033    64.26   5.14        
16      39584320    39.57   6.33        
32      68406057    34.19   10.94       
40      73873971    29.54   11.82       
80      39652686    7.93    6.34        

#       ./bin/lf-ll_harris_opt          
#cores  throughput  %linear scalability 
1       5649016     100.00  1           
2       9995403     88.47   1.77        
4       17305181    76.58   3.06        
8       25938070    57.40   4.59        
16      22020819    24.36   3.90        
32      31422888    17.38   5.56        
40      35487808    15.71   6.28        
80      13512752    2.99    2.39        

#       ./bin/lf-ll_harris_opt          
#cores  throughput  %linear scalability 
1       5190488     100.00  1           
2       8478100     81.67   1.63        
4       14437441    69.54   2.78        
8       21662364    52.17   4.17        
16      15475130    18.63   2.98        
32      21364033    12.86   4.12        
40      23777070    11.45   4.58        
80      8794459     2.12    1.69        

###################### HYBRID LAZY 200, u0, u10, u50, u100

#       ./bin/lf-ll_hybrid_lazy         
#cores  throughput  %linear scalability 
1       5646239     100.00  1           
2       10957903    97.04   1.94        
4       22003382    97.42   3.90        
8       43529979    96.37   7.71        
16      78657174    87.07   13.93       
32      139882579   77.42   24.77       
40      143610322   63.59   25.43       
80      178427348   39.50   31.60       

#       ./bin/lf-ll_hybrid_lazy         
#cores  throughput  %linear scalability 
1       5431174     100.00  1           
2       9656740     88.90   1.78        
4       15409758    70.93   2.84        
8       24851986    57.20   4.58        
16      19570672    22.52   3.60        
32      20935690    12.05   3.85        
40      20538560    9.45    3.78        
80      22748458    5.24    4.19        

#       ./bin/lf-ll_hybrid_lazy         
#cores  throughput  %linear scalability 
1       5024797     100.00  1           
2       8031189     79.92   1.60        
4       13520205    67.27   2.69        
8       14466834    35.99   2.88        
16      9752979     12.13   1.94        
32      11927686    7.42    2.37        
40      12613044    6.28    2.51        
80      15272328    3.80    3.04        

#       ./bin/lf-ll_hybrid_lazy         
#cores  throughput  %linear scalability 
1       4739058     100.00  1           
2       6721554     70.92   1.42        
4       10401650    54.87   2.19        
8       9423223     24.86   1.99        
16      6376381     8.41    1.35        
32      8087753     5.33    1.71        
40      9348069     4.93    1.97        
80      11688302    3.08    2.47  