#####  -n16 -u50 -x100 -i1024 -r2048
##### NORMAL HYBRID UPDATES 50%
#Elapsed  Throughput  
     1.0     2035287  
     2.0     2183356  
     3.0     2236890  
     4.0     2211924  
     5.0     2206392  
     6.0     2239076  
     7.0     2294060  
     8.0     2313514  
     9.0     2312939  
    10.0     2334595  
    11.0     1476142  
    12.0     1048735  
    13.0     1020715  
    14.0     1001998  
    15.0      992290  
    16.0      993454  
    17.0      991156  
    18.0      990046  
    19.0      988906  
    20.0      992179  
    21.0     2189239  
    22.0     2193504  
    23.0     2197301  
    24.0     2191504  
    25.0     2196526  
    26.0     2197427  
    27.0     2201128  
    28.0     2193082  
    29.0     2195878  
    30.0     2189448  
    31.0     1387323  
    32.0      999900  
    33.0      992053  
    34.0      988455  
    35.0      985428  
    36.0      989868  
    37.0      987893  
    38.0      987910  
    39.0      985099  
    40.0      987368  
    41.0     2169712  
    42.0     2177538  
    43.0     2170936  
    44.0     2167671  
    45.0     2176293  
    46.0     2176123  
    47.0     2172440  
    48.0     2176855  
    49.0     2170026  
    50.0     2178698  
    51.0     1325626  
    52.0      987536  
    53.0      989191  
    54.0      984788  
    55.0      987490  
    56.0      989366  
    57.0      986350  
    58.0      986844  
    59.0      983535  
    60.0      986902  
    61.0     2172377  
    62.0     2181698  
    63.0     2177226  
    64.0     2177227  
    65.0     2174952  
    66.1     2179827  
    67.0     2177523  
    68.0     2183108  
    69.0     2177982  
    70.0     2182011  
    71.0     1240632  
    72.0      991864  
    73.0      987175  
    74.0      987465  
    75.0      985896  
    76.0      985248  
    77.0      986017  
    78.0      985927  
    79.0      985960  
    80.1      984359  
    81.0     2168836  
    82.0     2169502  
    83.0     2176271  
    84.0     2173625  
    85.0     2175447  
    86.0     2173056  
    87.0     2170750  
    88.0     2177308  
    89.0     2178770  
    90.0     2177767  
    91.0     1263901  
    92.0      986512  
    93.0      985891  
    94.0      986877  
    95.0      987806  
    96.0      986630  
    97.0      985797  
    98.0      986943  
    99.0      986135  
   100.0      987810  



##### QSBR UPDATES 50%
#Elapsed  Throughput  
     1.0     2331884  
     2.0     2732084  
     3.0     2828019  
     4.0     2823777  
     5.0     2831860  
     6.0     2759917  
     7.0     2811464  
     8.0     2851366  
     9.0     2858943  
    10.0     2817662  
    11.0           0
    12.0           0
    13.1           0
    14.1           0
    15.1           0
    16.1           0
    17.1           0
    18.1           0
    19.1           0
    20.1           0
    21.1           0
    22.1           0
    23.1           0
    24.1           0
    25.1           0
    26.1           0
    27.1           0
    28.1           0
    29.1           0
    30.1           0
    31.1           0
    32.1           0
    33.1           0
    34.1           0
    35.1           0
    36.1           0
    37.1           0
    38.2           0
    39.2           0
    40.2           0
    41.2           0
    42.2           0
    43.2           0
    44.2           0
    45.2           0
    46.2           0
    47.2           0
    48.2           0
    49.2           0
    50.2           0
    51.2           0
    52.2           0
    53.2           0
    54.3           0
    55.2           0
    56.2           0
    57.2           0
    58.2           0
    59.2           0
    60.2           0
    61.2           0
    62.2           0
    63.3           0
    64.3           0
    65.3           0
    66.3           0
    67.3           0
    68.3           0
    69.3           0
    70.3           0
    71.3           0
    72.3           0
    73.3           0
    74.3           0
    75.3           0
    76.3           0
    77.3           0
    78.3           0
    79.3           0
    80.3           0
    81.3           0
    82.4           0
    83.3           0
    84.3           0
    85.3           0
    86.3           0
    87.3           0
    88.4           0
    89.4           0
    90.4           0
    91.4           0
    92.4           0
    93.4           0
    94.4           0
    95.4           0
    96.4           0
    97.4           0
    98.4           0
    99.4           0
   100.4           0



##### SMR-NOMEMBAR UPDATES 50%
#Elapsed  Throughput   
     1.0     1096776   
     2.0     1034255   
     3.0     1023872   
     4.0     1019477   
     5.0     1016279   
     6.0     1014496   
     7.0     1016358   
     8.0     1015068   
     9.0     1015176   
    10.0     1018678   
    11.0      960963   
    12.0      960589   
    13.0      959320   
    14.0      956584   
    15.0      958692   
    16.0      959437   
    17.0      963706   
    18.0      960236   
    19.0      958565   
    20.0      958530   
    21.0     1019654   
    22.0     1016090   
    23.0     1017808   
    24.0     1018813   
    25.0     1015827   
    26.0     1017826   
    27.0     1019236   
    28.0     1015238   
    29.0     1019657   
    30.0     1020986   
    31.0      961540   
    32.0      961620   
    33.0      960777   
    34.0      960048   
    35.0      959916   
    36.0      961964   
    37.0      957816   
    38.0      959622   
    39.0      960204   
    40.0      961475   
    41.0     1022652   
    42.0     1021181   
    43.0     1023999   
    44.0     1023015   
    45.0     1022383   
    46.0     1022368   
    47.0     1024277   
    48.0     1025912   
    49.0     1021680   
    50.0     1024775   
    51.0      965165   
    52.0      963163   
    53.1      964719   
    54.0      964210   
    55.0      970672   
    56.0      967857   
    57.0      965321   
    58.0      969341   
    59.0      967084   
    60.0      969417   
    61.0     1032969   
    62.0     1031229   
    63.0     1028108   
    64.0     1027677   
    65.0     1027549   
    66.0     1027416   
    67.0     1030082   
    68.0     1025005   
    69.0     1024486   
    70.0     1026736   
    71.0      969950   
    72.0      966677   
    73.0      969330   
    74.0      970061   
    75.0      965523   
    76.0      966781   
    77.1      964089   
    78.0      964380   
    79.0      967038   
    80.0      967713   
    81.0     1028849   
    82.0     1025155   
    83.0     1025945   
    84.0     1027340   
    85.0     1026958   
    86.0     1023122   
    87.0     1028052   
    88.0     1024592   
    89.0     1024899   
    90.0     1029411   
    91.0      966613   
    92.0      967066   
    93.0      966974   
    94.0      968320   
    95.0      964304   
    96.0      967457   
    97.0      968602   
    98.0      970722   
    99.0      968815   
   100.0      969047   