#####  -n16 -u10 -x100 -i1024 -r2048
##### NORMAL HYBRID UPDATES 10%
#Elapsed  Throughput   RCount
     1.0      998545      140
     2.0     1303381      133
     3.0     1676901      104
     4.0     1932434      129
     5.0     2053520      104
     6.0     2220606      101
     7.0     2345016       82
     8.0     2485786      108
     9.0     2494441      124
    10.0     2492462      131
    11.0     2649654    66324
    12.0     2631693   132129
    13.0     2728581   200393
    14.0     2549876    12378
    15.0     2588857    13173
    16.0     2524804    12514
    17.0     2454642    11456
    18.0     2257775    11193
    19.0     2197345    11134
    20.0     2228870    11371
    21.0     2724620      124
    22.0     2505632       98
    23.0     2465492      100
    24.0     2572287       97
    25.0     2564275      118
    26.0     2444917       92
    27.0     2474463      107
    28.0     2560572      117
    29.0     2506732      101
    30.0     2443549       90
    31.0     2341949    58704
    32.0     2398489   118653
    33.0     2317382   176436
    34.0     2775828    10257
    35.0     2119879    10925
    36.0     2134291    10735
    37.0     2078407    10288
    38.0     2337414    12545
    39.0     2173676    10490
    40.0     2119237    10567
    41.0     2480765       91
    42.0     2652004      108
    43.0     2610585       92
    44.0     2514871      109
    45.0     2471981      101
    46.0     2631540       87
    47.0     2581395      108
    48.0     2503881       88
    49.0     2461640      105
    50.0     2604449      107
    51.0     2382036    59866
    52.0     2361278   119065
    53.0     2309526   176774
    54.0     2383655    11088
    55.0     2128069    10564
    56.0     2104455    10519
    57.0     2088025    10354
    58.0     2095709    10996
    59.0     2216251    10599
    60.0     2101291    10722
    61.0     2488927      110
    62.0     2442026      110
    63.0     2651595      108
    64.0     2498233       93
    65.0     2496261      104
    66.0     2453020      116
    67.0     2641075      110
    68.0     2497526       93
    69.0     2482525      115
    70.1     2463350      103
    71.0     2445537    61336
    72.0     2340860   119769
    73.0     2345476   178441
    74.0     2210697    10210
    75.0     2174554    10966
    76.0     2093887    10401
    77.0     2102428    10360
    78.0     2059099    10362
    79.1     2112904    11175
    80.0     2135795    10503
    81.0     2482779      100
    82.0     2469710       97
    83.0     2454030       98
    84.0     2545866      103
    85.0     2478360      104
    86.0     2486280      104
    87.0     2478915      110
    88.0     2528069      107
    89.0     2473204      119
    90.0     2472443      114
    91.0     2288069    57210
    92.0     2390877   116799
    93.0     2317329   174918
    94.0     2190162    10413
    95.0     2076178    10446
    96.0     2108119    10590
    97.0     2092613    10475
    98.1     2089941    10385
    99.0     2097016    10221
   100.0     2081080    10618


##### QSBR UPDATES 10%
#Elapsed  Throughput  
     1.0      943640  
     2.0     1195453  
     3.0     2294541  
     4.0     2728003  
     5.0     2778905  
     6.0     2822920  
     7.0     2924099  
     8.0     2925555  
     9.0     2908184  
    10.0     2949631  
    11.0     2545947  
    12.0     2408675  
    13.0     2425048     
   14.1           0
   15.1           0
   16.1           0
   17.1           0
   18.1           0
   19.1           0
   20.1           0
   21.1           0
   22.1           0
   23.1           0
   24.1           0
   25.1           0
   26.1           0
   27.1           0
   28.1           0
   29.1           0
   30.1           0
   31.1           0
   32.1           0
   33.1           0
   34.1           0
   35.1           0
   36.1           0
   37.1           0
   38.2           0
   39.2           0
   40.2           0
   41.2           0
   42.2           0
   43.2           0
   44.2           0
   45.2           0
   46.2           0
   47.2           0
   48.2           0
   49.2           0
   50.2           0
   51.2           0
   52.2           0
   53.2           0
   54.3           0
   55.2           0
   56.2           0
   57.2           0
   58.2           0
   59.2           0
   60.2           0
   61.2           0
   62.2           0
   63.3           0
   64.3           0
   65.3           0
   66.3           0
   67.3           0
   68.3           0
   69.3           0
   70.3           0
   71.3           0
   72.3           0
   73.3           0
   74.3           0
   75.3           0
   76.3           0
   77.3           0
   78.3           0
   79.3           0
   80.3           0
   81.3           0
   82.4           0
   83.3           0
   84.3           0
   85.3           0
   86.3           0
   87.3           0
   88.4           0
   89.4           0
   90.4           0
   91.4           0
   92.4           0
   93.4           0
   94.4           0
   95.4           0
   96.4           0
   97.4           0
   98.4           0
   99.4           0
  100.4           0


##### SMR-NOMEMBAR UPDATES 10%
#Elapsed  Throughput      Mops
     1.0     2031270     2.031
     2.0     2012183     2.012
     3.0     1981120     1.981
     4.0     1977793     1.978
     5.0     1984023     1.984
     6.0     1984390     1.984
     7.0     2007216     2.007
     8.0     1997171     1.997
     9.0     1993892     1.994
    10.0     1998676     1.999
    11.0     1880136     1.880
    12.0     1877605     1.878
    13.0     1889986     1.890
    14.0     1878309     1.878
    15.0     1875818     1.876
    16.0     1880308     1.880
    17.0     1884016     1.884
    18.0     1883379     1.883
    19.0     1895522     1.896
    20.0     1914787     1.915
    21.0     2028513     2.029
    22.0     2026603     2.027
    23.0     2052570     2.053
    24.0     2060562     2.061
    25.0     2049058     2.049
    26.0     2058776     2.059
    27.0     2064222     2.064
    28.0     2061188     2.061
    29.0     2074592     2.075
    30.0     2072274     2.072
    31.0     1979153     1.979
    32.0     1963244     1.963
    33.0     1972175     1.972
    34.0     1973463     1.973
    35.0     1965419     1.965
    36.0     1955132     1.955
    37.0     1966744     1.967
    38.0     1964026     1.964
    39.0     1950798     1.951
    40.0     1962527     1.963
    41.0     2059108     2.059
    42.0     2082622     2.083
    43.0     2081835     2.082
    44.0     2077452     2.077
    45.0     2077577     2.078
    46.0     2068727     2.069
    47.0     2080532     2.081
    48.0     2079269     2.079
    49.0     2071603     2.072
    50.0     2077634     2.078
    51.0     1946267     1.946
    52.0     1952923     1.953
    53.0     1944816     1.945
    54.0     1945421     1.945
    55.0     1947516     1.948
    56.0     1948715     1.949
    57.0     1955069     1.955
    58.0     1943034     1.943
    59.0     1952002     1.952
    60.0     1945327     1.945
    61.0     2053826     2.054
    62.0     2051400     2.051
    63.0     2044584     2.045
    64.1     2046194     2.046
    65.0     2039690     2.040
    66.0     2040326     2.040
    67.0     2036411     2.036
    68.0     2044166     2.044
    69.0     2064575     2.065
    70.0     2037707     2.038
    71.0     1924517     1.925
    72.0     1924371     1.924
    73.0     1935479     1.935
    74.0     1938538     1.939
    75.0     1939660     1.940
    76.0     1942787     1.943
    77.0     1951829     1.952
    78.0     1944123     1.944
    79.0     1949067     1.949
    80.0     1947176     1.947
    81.0     2057706     2.058
    82.0     2059796     2.060
    83.0     2060123     2.060
    84.0     2055237     2.055
    85.0     2060027     2.060
    86.0     2051095     2.051
    87.0     2060703     2.061
    88.0     2061400     2.061
    89.0     2062101     2.062
    90.0     2061608     2.062
    91.0     1934613     1.935
    92.0     1932701     1.933
    93.0     1934257     1.934
    94.0     1925741     1.926
    95.0     1926140     1.926
    96.0     1937181     1.937
    97.0     1953488     1.953
    98.0     1943550     1.944
    99.0     1941253     1.941
   100.0     1945194     1.945


##### LAZY HYBRID UPDATES 10%
#Elapsed  Throughput   RCount
     1.0      944214      120
     2.0     1421981      137
     3.0     1996510      114
     4.0     2224677       92
     5.0     2378321      106
     6.0     2490973      100
     7.0     2559078      119
     8.0     2624102       93
     9.0     2701096      122
    10.0     2737640       94
    11.0     2554791    63936
    12.0     2648768   130194
    13.0     2631386   196094
    14.0     3005079   104899
    15.0     2729936    63476
    16.0     2541010    79661
    17.0     2878211   115847
    18.0     2514469   147470
    19.0     2384345   177357
    20.0     2449012   193669
    21.0     2802655      591
    22.0     2585304      592
    23.0     2492219      589
    24.0     2546841      607
    25.0     2729676      583
    26.0     2562676      581
    27.0     2474422      580
    28.0     2518822      600
    29.0     2671330      592
    30.0     2544315      582
    31.0     2330174    58930
    32.0     2309186   116789
    33.0     2441592   177627
    34.0     2384944   204535
    35.0     2320117    29642
    36.0     2285051    58249
    37.0     2409419    88511
    38.0     2393961   118405
    39.0     2335874   147712
    40.0     2274759   176142
    41.0     2470481      593
    42.0     2531532      594
    43.0     2494527      596
    44.0     2412115      601
    45.0     2449957      591
    46.0     2522826      617
    47.0     2496594      601
    48.0     2434431      616
    49.0     2428102      601
    50.0     2486920      593
    51.0     2323209    58480
    52.0     2330774   116446
    53.1     2273461   173508
    54.0     2332987   215975
    55.0     2288034    41730
    56.0     2320575    54195
    57.1     2257466    82577
    58.0     2300883   111445
    59.0     2302075   140484
    60.0     2299461   169209
    61.0     2409675      609
    62.0     2438017      609
    63.0     2473613      624
    64.0     2440345      605
    65.0     2458955      596
    66.0     2434793      589
    67.0     2450732      606
    68.0     2445452      599
    69.0     2469316      597
    70.0     2442364      602
    71.0     2308520    58079
    72.0     2293947   115294
    73.0     2297887   172840
    74.0     2301732   213380
    75.0     2285237    55231
    76.0     2294533    50229
    77.0     2274746    79021
    78.1     2277343   107595
    79.0     2267771   136133
    80.0     2300807   165181
    81.0     2368120      639
    82.0     2454412      611
    83.0     2460763      644
    84.0     2431714      606
    85.0     2436695      621
    86.0     2434617      660
    87.0     2448042      659
    88.0     2429076      628
    89.0     2426179      648
    90.0     2442378      618
    91.0     2321907    58781
    92.0     2336795   116952
    93.0     2314333   174985
    94.0     2317210   208954
    95.0     2333805   116854
    96.0     2348746    47395
    97.0     2331805    76669
    98.0     2330495   105998
    99.0     2338754   135360
   100.0     2335985   164815
