## SMR ## SMR no MEMBAR  ## OPT 0 ## OPT 1  ## OPT 2 ## OPT 3 ## OPT 4 ## OPT 5 ## OPT 6 # OPT 7
1       4350     10621   10596    10650     10612    10665    10649    10693    10597    10602   
2       8727     21295   21224    21212     21214    21221    21304    21312    21326    21183   
4       17512    42274   42464    42486     42456    42469    42252    42578    42407    42455    
8       34921    84672   84324    84722     84491    84704    84393    84439    84548    84100    
16      70010    168224  168939   168578    168989   168612   168469   169628   169229   169256   
20      87238    210327  210432   209213    210625   211157   209791   210344   210719   209939   
40      162494   406921  405868   406753    407292   406120   406579   406118   405358   405696 


1       4395     10559   10579    10611     10503    10587    10578    10591    10577    10500   
2       8763     21185   20965    21138     21027    21089    21079    21138    21073    21078   
4       17436    41881   41690    41652     41462    41834    41811    41799    41700    41802    
8       34419    81965   81094    80696     80913    80233    81462    81653    80442    81152    
16      66860    148586  151225   149732    149304   148958   149101   149590   149736   147500   
20      81991    178753  174912   178051    177521   175329   179855   178872   176184   177274   
40      142646   272585  273129   272597    255609   253521   271412   273879   258782   261199 


1       4418     10306   10285    10289     10415    10364    10462    10360    10364    10386   
2       8829     20385   20489    20586     20638    20609    20800    20621    20629    20599   
4       17573    40409   40401    40248     40511    40301    40862    40508    40387    40488    
8       34467    76930   78490    77013     76899    76499    77125    77257    76926    77434    
16      66210    138133  136394   137645    130285   132748   139181   140098   133002   131959   
20      81094    160961  163174   163754    156013   154733   165107   165199   154177   151482   
40      134357   245319  248233   250526    188845   188734   246883   249355   192133   186233 

   
1       4450     9786    9866     9776      10158    10244    10252    10167    10261    10146   
2       8918     19335   19375    19401     20049    20144    20090    20106    20093    20088   
4       17747    37926   37850    37648     39115    39226    39512    39396    39376    39233    
8       34906    71362   71193    70689     72499    73917    74778    73562    72826    73409    
16      65646    123997  120557   122579    122278   120312   123977   124314   122329   121672   
20      79706    148421  141926   143904    141877   139118   148137   145433   142044   142117   
40      130829   222214  219817   216310    175850   172583   221113   219932   174560   174112    
          