## SMR ## SMR no MEMBAR   ## OPT 0   ## OPT 1    ## OPT 2    ## OPT 3   ## OPT 4   ## OPT 5   ## OPT 6   ## OPT 7 
#u0
1   712622    5484479     5345189    5495713     5611050     5526526    5587132    5350261    5425028    5537272       
2   1468104   10964689    10863991   10530195    11049884    10770688   11056512   11002346   11123871   10539482       
4   2913454   20462081    20166107   21026876    22008771    21598857   21125418   21359928   21234602   21019523       
8   5636354   43135319    41144083   43070696    42537890    41868171   42234475   40932563   41398928   42078745       
16  9014290   77517491    78375667   78689342    73756076    74189596   77625499   78429338   77885288   75284590       
20  10850546  95973158    96727626   94758276    94380349    97022871   95402191   95181078   94879276   98762205        
40  15944074  154131184   150454332  153677095   159365302   157630233  164473469  157259349  161713184  163692630 


#u10
1   728219    474449      477596     477214      3189250     3182591    5228567    5003490    5277000    5246925       
2   1421747   945582      950009     947678      6312835     6289188    9619172    8931396    9797369    9741310        
4   2618037   1886596     1894801    1883925     12248981    12302673   16622542   14364350   17155213   16879875       
8   3580391   3454388     3460797    3435418     11295074    11360057   10796978   10225375   11808948   11800023       
16  3904292   6152578     6144479    6030046     11886609    11660526   10573861   10252193   11382683   11500533       
20  4805390   7405281     7471664    7284968     12780689    13028075   11363324   10974763   12652477   12615422       
40  8824401   10903229    10913433   10457089    19005585    19138205   13475068   12843916   19109990   19334980       


#u50
1   730607    98578       99216      98956       915787      912454     4527817    3777912    4708142    4560724       
2   1372154   196414      197592     197238      1856557     1849794    7026310    5616035    7526451    7375559        
4   2542232   393026      394848     392458      3787547     3768550    10209487   8060077    10521072   10433776       
8   3007389   772033      775822     767597      5980489     5939891    7708631    6511236    8960991    8910016        
16  3149925   1494787     1501969    1474098     5523137     5467726    4983915    4567345    5708544    5637513        
20  3624066   1850882     1862491    1813836     5889805     5850352    5136910    4818815    5981685    5934374        
40  5033481   3092413     3128142    2932674     16015092    15989655   5926153    5456533    16094722   16016167       


#u100
1   735348    49563       49877      49716       481022      479137     3975934    2959629    4256880    4021859       
2   1321947   98916       99306      98989       977159      972484     5500458    4015961    6015202    5982251        
4   2395522   197539      198483     197390      2009355     2001274    6957695    5297344    7916072    7745915        
8   3058239   391594      393834     389100      3635427     3614794    5911449    4718707    7013801    6953090        
16  2705305   767827      771551     757131      3504549     3471401    3197400    2891502    3633671    3587874        
20  2837480   954645      959262     935276      3727219     3671700    3234879    3008305    3824344    3773029        
40  3480910   1619543     1644392    1530393     12969326    13059666   3691723    3316963    13056271   12981722       
        