#####  -n16 -u10 -x100 -i1024 -r2048
##### NORMAL HYBRID UPDATES 10%
#Elapsed  Throughput 
     1.0      951608 
     2.0     1250822 
     3.0     1403365 
     4.0     1781746 
     5.0     2142918 
     6.0     2300103 
     7.0     2445734 
     8.0     2656397 
     9.0     2746936 
    10.0     2771807 
    11.0     2638498 
    12.0     2655310 
    13.0     2652033 
    14.0     2218119 
    15.0     2266275 
    16.0     2067871 
    17.0     2103506 
    18.0     2009760 
    19.0     2033175 
    20.0     1985311 
    21.0     2339307 
    22.0     2307379 
    23.0     2301791 
    24.0     2296437 
    25.0     2288661 
    26.0     2288864 
    27.0     2265545 
    28.0     2275271 
    29.0     2273247 
    30.0     2279397 
    31.0     2130170 
    32.0     2150694 
    33.0     1943990 
    34.0     1979729 
    35.0     1937828 
    36.0     1952655 
    37.0     1944748 
    38.0     1929310 
    39.0     1949231 
    40.0     1937858 
    41.0     2250791 
    42.0     2276715 
    43.0     2253998 
    44.0     2266588 
    45.0     2266487 
    46.0     2273100 
    47.0     2252021 
    48.0     2272567 
    49.0     2266684 
    50.0     2274857 
    51.0     2119768 
    52.0     2012299 
    53.0     1931608 
    54.0     1943697 
    55.0     1944554 
    56.0     1944066 
    57.0     1942906 
    58.0     1932758 
    59.0     1941040 
    60.0     1938119 
    61.0     2282209 
    62.1     2260902 
    63.0     2269299 
    64.0     2259454 
    65.0     2254901 
    66.0     2255939 
    67.0     2246928 
    68.0     2252817 
    69.0     2241333 
    70.0     2261073 
    71.1     2129684 
    72.0     1994258 
    73.0     1937885 
    74.0     1950194 
    75.0     1942043 
    76.0     1953028 
    77.0     1937703 
    78.0     1938692 
    79.0     1948249 
    80.0     1927169 
    81.0     2258507 
    82.0     2262191 
    83.0     2264303 
    84.0     2270286 
    85.1     2248482 
    86.0     2251443 
    87.0     2262791 
    88.0     2266923 
    89.0     2259312 
    90.0     2263779 
    91.0     2109166 
    92.0     1992260 
    93.0     1947514 
    94.0     1946513 
    95.0     1951686 
    96.0     1949344 
    97.0     1931024 
    98.0     1928429 
    99.1     1943343 
   100.0     1935153 


##### QSBR UPDATES 10%
#Elapsed  Throughput  
     1.0      863282  
     2.0     1133353  
     3.0     1423984  
     4.0     1674426  
     5.0     1910406  
     6.0     2192674  
     7.0     2330469  
     8.0     2430204  
     9.0     2530667  
    10.0     2616244  
    11.0     2419418  
    12.0           0
    13.1           0
    14.1           0
    15.1           0
    16.1           0
    17.1           0
    18.1           0
    19.1           0
    20.1           0
    21.1           0
    22.1           0
    23.1           0
    24.1           0
    25.1           0
    26.1           0
    27.1           0
    28.1           0
    29.1           0
    30.1           0
    31.1           0
    32.1           0
    33.1           0
    34.1           0
    35.1           0
    36.1           0
    37.1           0
    38.2           0
    39.2           0
    40.2           0
    41.2           0
    42.2           0
    43.2           0
    44.2           0
    45.2           0
    46.2           0
    47.2           0
    48.2           0
    49.2           0
    50.2           0
    51.2           0
    52.2           0
    53.2           0
    54.3           0
    55.2           0
    56.2           0
    57.2           0
    58.2           0
    59.2           0
    60.2           0
    61.2           0
    62.2           0
    63.3           0
    64.3           0
    65.3           0
    66.3           0
    67.3           0
    68.3           0
    69.3           0
    70.3           0
    71.3           0
    72.3           0
    73.3           0
    74.3           0
    75.3           0
    76.3           0
    77.3           0
    78.3           0
    79.3           0
    80.3           0
    81.3           0
    82.4           0
    83.3           0
    84.3           0
    85.3           0
    86.3           0
    87.3           0
    88.4           0
    89.4           0
    90.4           0
    91.4           0
    92.4           0
    93.4           0
    94.4           0
    95.4           0
    96.4           0
    97.4           0
    98.4           0
    99.4           0
   100.4           0


##### SMR-NOMEMBAR UPDATES 10%
#Elapsed  Throughput 
     1.0     2055581 
     2.0     2035647 
     3.0     2003197 
     4.0     2021037 
     5.0     2027409 
     6.0     2013715 
     7.0     2017217 
     8.0     2029666 
     9.0     2023749 
    10.0     2017070 
    11.0     1910501 
    12.0     1905574 
    13.0     1925735 
    14.0     1923267 
    15.0     1913477 
    16.0     1922825 
    17.0     1905614 
    18.0     1912693 
    19.0     1906638 
    20.0     1917578 
    21.0     2037247 
    22.0     2045160 
    23.0     2032254 
    24.0     2036695 
    25.0     2047939 
    26.0     2052400 
    27.0     2044788 
    28.0     2058874 
    29.0     2058878 
    30.0     2066092 
    31.0     1947540 
    32.0     1949323 
    33.0     1950882 
    34.0     1943914 
    35.0     1938541 
    36.0     1969389 
    37.0     1965076 
    38.0     1953884 
    39.0     1955069 
    40.0     1967329 
    41.0     2076750 
    42.0     2077413 
    43.0     2080605 
    44.0     2078259 
    45.0     2077039 
    46.0     2084898 
    47.0     2091950 
    48.0     2078318 
    49.0     2084362 
    50.0     2072803 
    51.0     1949174 
    52.1     1933158 
    53.0     1953737 
    54.0     1965950 
    55.0     1963412 
    56.0     1972249 
    57.0     1965498 
    58.0     1984098 
    59.0     1977441 
    60.0     1992351 
    61.0     2107136 
    62.0     2120202 
    63.0     2129238 
    64.0     2124313 
    65.0     2120686 
    66.0     2125731 
    67.0     2122884 
    68.0     2126659 
    69.0     2124486 
    70.0     2137983 
    71.0     2015235 
    72.0     2022893 
    73.0     2016984 
    74.0     2012156 
    75.0     2007064 
    76.0     2022142 
    77.0     2024997 
    78.0     2023594 
    79.0     2023053 
    80.0     2033621 
    81.1     2150636 
    82.0     2157516 
    83.0     2158669 
    84.0     2134240 
    85.0     2139906 
    86.0     2133946 
    87.0     2139480 
    88.0     2139893 
    89.0     2126231 
    90.0     2126047 
    91.0     1998013 
    92.0     2006335 
    93.0     2016276 
    94.0     2006107 
    95.1     1999675 
    96.0     2016303 
    97.0     2010938 
    98.0     2018051 
    99.0     2009276 
   100.0     2012876 
