#####  -n16 -u50 -x100 -i1024 -r2048
##### NORMAL HYBRID UPDATES 50%
#Elapsed  Throughput    RCount
     1.0     1883208       565
     2.0     2065445       574
     3.0     2134012       501
     4.0     2168913       552
     5.0     2206286       501
     6.0     2249994       529
     7.0     2275037       504
     8.0     2289802       542
     9.0     2308145       533
    10.0     2326419       496
    11.0     1886910     26892
    12.0     1112087     27776
    13.0     1065789     26232
    14.0     1061616     26634
    15.0     1035941     25937
    16.0     1036645     25363
    17.0     1026765     25846
    18.0     1018817     25495
    19.0     1022242     25493
    20.0     1014328     25382
    21.0     2392113       524
    22.0     2368479       491
    23.0     2352537       472
    24.0     2348074       501
    25.0     2344943       536
    26.0     2346124       501
    27.0     2351972       507
    28.0     2358111       521
    29.0     2350402       506
    30.0     2352821       566
    31.0     1989936     21893
    32.0     1007519     25308
    33.0     1032559     25094
    34.0     1010091     25640
    35.0     1019861     25036
    36.0     1014572     25667
    37.0     1010280     25051
    38.0     1014955     25656
    39.0     1006996     25145
    40.0     1014664     25266
    41.0     2363474       486
    42.0     2365484       501
    43.0     2353048       517
    44.0     2359304       517
    45.0     2364781       480
    46.0     2350180       463
    47.0     2343132       538
    48.0     2347834       495
    49.0     2346317       480
    50.0     2337540       503
    51.0     1894648     22254
    52.1     1005465     25155
    53.0     1004292     25120
    54.0     1004625     25062
    55.0     1008146     25237
    56.0     1001614     25110
    57.0     1007429     25117
    58.0     1005991     25394
    59.0     1003158     25185
    60.0     1004197     25181
    61.0     2332801       476
    62.0     2337805       502
    63.0     2349132       490
    64.0     2338366       583
    65.0     2340687       524
    66.0     2343281       584
    67.0     2339197       474
    68.0     2349069       501
    69.0     2347159       503
    70.0     2336753       475
    71.0     1884437     22721
    72.0     1004855     25186
    73.0     1005045     25131
    74.0     1003895     25134
    75.0     1006043     25164
    76.0     1004340     25102
    77.0     1004669     25262
    78.0     1006884     25167
    79.0     1003965     25158
    80.0     1003528     25146
    81.0     2335828       529
    82.0     2339326       473
    83.0     2343000       543
    84.0     2327085       569
    85.0     2340187       486
    86.0     2339032       483
    87.0     2344160       592
    88.0     2340555       506
    89.0     2337007       509
    90.0     2339181       575
    91.0     1922954     21592
    92.0     1005959     25112
    93.0     1004588     25227
    94.0     1007209     25242
    95.0     1005284     25275
    96.0     1004446     25134
    97.0     1003614     25206
    98.0     1003697     25047
    99.0     1005394     25277
   100.0     1000966     25004


##### QSBR UPDATES 50%
#Elapsed  Throughput  
     1.0     2078991  
     2.0     2572653  
     3.0     2562377  
     4.0     2553190  
     5.0     2604234  
     6.0     2650809  
     7.0     2647112  
     8.0     2631739  
     9.0     2639643  
    10.0     2611732  
   11.0           0
   12.0           0
   13.1           0
   14.1           0
   15.1           0
   16.1           0
   17.1           0
   18.1           0
   19.1           0
   20.1           0
   21.1           0
   22.1           0
   23.1           0
   24.1           0
   25.1           0
   26.1           0
   27.1           0
   28.1           0
   29.1           0
   30.1           0
   31.1           0
   32.1           0
   33.1           0
   34.1           0
   35.1           0
   36.1           0
   37.1           0
   38.2           0
   39.2           0
   40.2           0
   41.2           0
   42.2           0
   43.2           0
   44.2           0
   45.2           0
   46.2           0
   47.2           0
   48.2           0
   49.2           0
   50.2           0
   51.2           0
   52.2           0
   53.2           0
   54.3           0
   55.2           0
   56.2           0
   57.2           0
   58.2           0
   59.2           0
   60.2           0
   61.2           0
   62.2           0
   63.3           0
   64.3           0
   65.3           0
   66.3           0
   67.3           0
   68.3           0
   69.3           0
   70.3           0
   71.3           0
   72.3           0
   73.3           0
   74.3           0
   75.3           0
   76.3           0
   77.3           0
   78.3           0
   79.3           0
   80.3           0
   81.3           0
   82.4           0
   83.3           0
   84.3           0
   85.3           0
   86.3           0
   87.3           0
   88.4           0
   89.4           0
   90.4           0
   91.4           0
   92.4           0
   93.4           0
   94.4           0
   95.4           0
   96.4           0
   97.4           0
   98.4           0
   99.4           0
  100.4           0


##### SMR-NOMEMBAR UPDATES 50%
#Elapsed  Throughput  
     1.0     1072122  
     2.0     1005441  
     3.0      994426  
     4.0      992761  
     5.0      991857  
     6.0      992409  
     7.0      992970  
     8.0      995197  
     9.0      994854  
    10.0      996644  
    11.0      940701  
    12.0      941546  
    13.0      937784  
    14.0      942320  
    15.0      940152  
    16.0      938728  
    17.0      941298  
    18.0      940152  
    19.0      938367  
    20.0      937877  
    21.0     1002128  
    22.0      999631  
    23.0      997984  
    24.0      997951  
    25.0      999167  
    26.0      999517  
    27.0      999926  
    28.0     1000487  
    29.0     1000407  
    30.0     1002958  
    31.0      942886  
    32.0      940395  
    33.0      943687  
    34.0      941720  
    35.0      943891  
    36.0      942574  
    37.0      943701  
    38.0      944152  
    39.0      942806  
    40.0      944946  
    41.0     1004736  
    42.0     1004031  
    43.0     1004159  
    44.0     1005818  
    45.0     1003711  
    46.0     1005064  
    47.0     1006772  
    48.0     1007121  
    49.0     1002552  
    50.0     1005166  
    51.1      942023  
    52.0      945751  
    53.0      946408  
    54.0      945710  
    55.0      947066  
    56.0      947690  
    57.0      946141  
    58.0      948683  
    59.0      949175  
    60.0      948926  
    61.0     1009146  
    62.0     1008576  
    63.0     1008036  
    64.0     1009081  
    65.0     1008644  
    66.0     1012659  
    67.0     1010442  
    68.0     1013399  
    69.0     1008025  
    70.0     1008618  
    71.0      954372  
    72.0      950745  
    73.0      950648  
    74.0      949610  
    75.0      949886  
    76.0      951180  
    77.0      950126  
    78.0      949068  
    79.0      949113  
    80.0      948949  
    81.0     1006912  
    82.0     1008935  
    83.0     1006655  
    84.0     1007630  
    85.0     1007686  
    86.0     1006602  
    87.0     1010114  
    88.0     1009369  
    89.1     1008750  
    90.0     1007812  
    91.0      952206  
    92.0      951956  
    93.0      952815  
    94.0      951024  
    95.0      949860  
    96.0      951691  
    97.0      949660  
    98.0      949299  
    99.0      950778  
   100.0      949826  


##### LAZY HYBRID UPDATES 50%
#Elapsed  Throughput    RCount
     1.0     1935980       571
     2.0     2159045       529
     3.0     2200584       584
     4.0     2275685       495
     5.0     2303396       558
     6.0     2350741       491
     7.0     2406170       543
     8.0     2420694       469
     9.0     2351527       529
    10.0     2331294       659
    11.0     2374624    145685
    12.0     2519039    147162
    13.0     2270513    186543
    14.0     2236128    137813
    15.0     2213453    141321
    16.0     2195261    152329
    17.0     2189394    151072
    18.0     2194444    149366
    19.0     2190119    135833
    20.0     2194233    149630
    21.0     2324551      1193
    22.0     2379347      1030
    23.0     2382598      1288
    24.0     2372018      1028
    25.0     2355746      1212
    26.0     2372690      1036
    27.0     2357150      1275
    28.0     2371262      1026
    29.0     2348854      1190
    30.0     2352604      1328
    31.0     2200300    124649
    32.0     2190402    182402
    33.0     2197698    141398
    34.0     2196210    145405
    35.0     2177238    144315
    36.0     2168546    164349
    37.0     2168141    162943
    38.0     2194572    152580
    39.0     2178829    139590
    40.0     2163740    138660
    41.0     2351010      1030
    42.0     2384694      1113
    43.0     2381743      1013
    44.0     2379141      1073
    45.0     2377284      1037
    46.0     2384462      1030
    47.0     2376349       988
    48.0     2379622      1022
    49.0     2361905      1089
    50.0     2356943      1051
    51.0     2199556    168392
    52.0     2191847    174448
    53.0     2180030    134957
    54.0     2190118    139646
    55.0     2176890    137827
    56.0     2191507    149291
    57.0     2195228    161578
    58.0     2197190    136892
    59.0     2215923    139818
    60.0     2211258    129970
    61.0     2355453      1079
    62.0     2362743      1039
    63.0     2379351      1026
    64.0     2385519      1036
    65.1     2371623      1016
    66.0     2381110      1038
    67.0     2386505       998
    68.0     2383662      1023
    69.0     2379151      1047
    70.0     2379199      1054
    71.0     2241018    191182
    72.0     2219275    176867
    73.1     2209945    142603
    74.0     2214262    134462
    75.0     2217029    161808
    76.0     2218147    151489
    77.0     2202333    164968
    78.0     2209859    156823
    79.0     2216979    157290
    80.0     2220029    161401
    81.0     2353653      1032
    82.1     2377192      1057
    83.0     2384468      1016
    84.0     2385254       988
    85.0     2377611      1036
    86.0     2380368      1020
    87.0     2372572      1060
    88.0     2388995       975
    89.0     2375589      1016
    90.0     2384554       991
    91.0     2237338    170134
    92.0     2214599    168103
    93.0     2207855    117655
    94.0     2214538    152145
    95.1     2209500    154246
    96.0     2206391    130465
    97.0     2208940    131515
    98.0     2213793    174393
    99.0     2208930    167751
   100.0     2209754    118818
