###################### HYBRID 200, u0, u10, u50, u100
###################### QSBR 200, u0, u10, u50, u100
###################### SMR 200, u0, u10, u50, u100
###################### SMR no MEMBAR 200, u0, u10, u50, u100
###################### HARRIS_OPT 200, u0, u10, u50, u100
###################### HYBRID LAZY 200, u0, u10, u50, u100       
# u0
#./bin/lf-ll_hybrid_harris_opt   #./bin/lf-ll_qsbr_harris_opt./bin/lf-ll_smr_harris_opt ./bin/lf-ll_smr_no_membar_harris_opt ./bin/lf-ll_harris_opt
#cores  throughput  throughput throughput  throughput throughput   throughput
1       5539164     5605497    710271      5568890    6471117      5646239   
2       10915876    10760548   1463402     10929237   12858565     10957903  
4       20795170    21523432   2956569     21041840   25788022     22003382  
8       42013443    40313731   5591922     41052361   51205008     43529979  
16      73922896    82482375   9671367     77010561   102972095    78657174  
32      133595990   166623355  11008406    131610853  200171470    139882579 
40      149253785   206093864  13959490    157421196  244767422    143610322 
80      167366262   217421896  19795234    163877620  244958523    178427348 


# u10
#       ./bin/lf-ll_hybrid_harris_opt   #./bin/lf-ll_qsbr_harris_opt     
#cores  throughput    throughput  throughput throughput  throughput throughput
1       5311988       5481875     731450     474184      6252228    5431174   
2       9541591       10039637    1423938    943805      12048310   9656740   
4       14806733      15280067    2594607    1888529     22417143   15409758  
8       22186135      17508961    3616709    3451374     32139033   24851986  
16      18054744      21538010    4024299    6215497     39584320   19570672  
32      20683638      24672528    6675070    9594337     68406057   20935690  
40      21936640      25548700    8885778    10896245    73873971   20538560  
80      20873809      25726419    11682764   12268032    39652686   22748458  


#u 50
#       ./bin/lf-ll_hybrid_harris_opt   #./bin/lf-ll_qsbr_harris_opt     
#cores  throughput   throughput throughput   throughput  throughput throughput
1       4928316      5220711    730383       98399       5649016    5024797   
2       8050276      8745451    1367083      196852      9995403    8031189   
4       13401888     16120751   2548584      393442      17305181   13520205  
8       14732046     17394312   2994238      771231      25938070   14466834  
16      9777628      16005892   3100195      1493250     22020819   9752979   
32      11516894     20317957   4419601      2616110     31422888   11927686  
40      12948662     20418295   5081874      3093108     35487808   12613044  
80      14519720     18736150   6146601      3876442     13512752   15272328  


# u100
#       ./bin/lf-ll_hybrid_harris_opt./bin/lf-ll_qsbr_harris_opt   
#cores  throughput  throughput  throughput throughput throughput  throughput
1       4664609     5062372     735425     49442      5190488     4739058   
2       6674182     7560603     1328742    98998      8478100     6721554   
4       10520449    13284989    2404370    197537     14437441    10401650  
8       9602691     12594889    3114440    391618     21662364    9423223   
16      6188595     10911604    2740466    768033     15475130    6376381   
32      8227744     13904118    3117761    1357744    21364033    8087753   
40      9561742     14593157    3469911    1618976    23777070    9348069   
80      12046673    13937045    3869979    2030361    8794459     11688302  
