## SMR     ## SMR no MEMBAR## OPT 0   ## OPT 1  ## OPT 2   ## OPT 3  ## OPT 4  ## OPT 5  ## OPT 6   ## OPT 7       
#u0
1       91523    717421    725537     721972    732504     712986    714932    715403    720856     724431                  
2       186310   1450156   1468962    1441886   1456130    1446776   1452834   1426922   1446120    1449851                  
4       370306   2849021   2856927    2894942   2889088    2884639   2881569   2883899   2884593    2905577                  
8       636621   5670174   5758155    5617572   5647957    5698182   5677209   5803875   5658545    5598045                  
16      862244   8904045   9441541    9203206   9442918    9354623   9445534   9684667   9688668    9693311                  
20      952837   10743719  10856103   10675830  11120437   10699096  10610815  10741364  10578613   11409154                 
40      1977028  12027223  12086760   12031528  12062968   12099045  12120291  11963592  11876037   11890539


#u10
1       93035    283757    282318     282283    396323     398018    402355    401197    403342     402227                  
2       141748   412792    408225     423026    474647     478277    432083    457553    447979     457476                   
4       233191   982799    988822     985607    1266600    1255228   1277254   1272214   1266292    1271724                  
8       455548   1623034   1539460    1532862   1613686    1616607   1682576   1667771   1653481    1606992                  
16      708690   2256429   2064303    2178321   2408488    2397835   2265055   2288844   2329584    2374850                  
20      754193   2507138   2476740    2597897   2728178    2691276   2709495   2714210   2688530    2725198                  
40      1532203  2716058   2710902    2702557   2675127    2681295   2736958   2727208   2724407    2771935                   


#u50
1       92400    86844     87424      87483     322647     322964    356985    353167    360396     359042                  
2       139798   170034    171155     170423    578389     578080    620488    611175    625666     623856                   
4       231338   336106    338604     336036    1140427    1136277   1210136   1166761   1230681    1224862                  
8       418376   598475    602527     603564    1291121    1307854   1277790   1221636   1332188    1331191                  
16      656560   1053726   1041297    1019938   1671097    1661777   1599883   1561202   1654960    1645051                  
20      733216   1250632   1256103    1235210   1912465    1924199   1808020   1738266   1908328    1975312                  
40      1372216  1754172   1778537    1679083   2567739    2530358   1981803   2018976   2565986    2529996                   


#u100
1       94209    46381     46574      46422     260221     259623    351076    340071    354426     352587                  
2       140046   91318     91765      91569     482631     480769    597954    574141    607904     606652                   
4       229956   181420    182441     181234    944010     940444    1149039   1064206   1181785    1175315                  
8       429055   340408    342322     339484    1150068    1144833   1171799   1094779   1224321    1228072                  
16      623461   623787    630777     613589    1332700    1316885   1244693   1149046   1318104    1326623                  
20      709492   760122    765111     747838    1480938    1481106   1373920   1302071   1501308    1496118                  
40      1174002  1174521   1185074    1112813   2521615    2453685   1583386   1475410   2485998    2519459                 