# Hybrid                        # QSBR                # SMR
#Elapsed  Throughput      Mops  Throughput      Mops  Throughput      Mops  
     1.0     2386692     2.387     2474691     2.475     2340756     2.341  
     2.0     2630345     2.630     2703571     2.704     2329576     2.330  
     3.0     2699267     2.699     2952027     2.952     2349559     2.350  
     4.0     2765623     2.766     3014777     3.015     2355863     2.356  
     5.0     2838153     2.838     2995565     2.996     2358102     2.358  
     6.0     2913274     2.913     2976867     2.977     2373406     2.373  
     7.0     2929968     2.930     3037918     3.038     2362619     2.363  
     8.0     3005431     3.005     3090309     3.090     2380647     2.381  
     9.0     2952630     2.953     3147153     3.147     2374669     2.375  
    10.0     2956973     2.957     3167244     3.167     2381701     2.382  
    11.0     2962427     2.962     3136510     3.137     2398945     2.399  
    12.0     2850315     2.850           0     0.0       2283463     2.283
    13.0     2542843     2.543           0     0.0       2299857     2.300
    14.0     2447389     2.447           0     0.0       2294812     2.295
    15.0     2430729     2.431           0     0.0       2293117     2.293
    16.0     2431178     2.431           0     0.0       2310331     2.310
    17.0     2413702     2.414           0     0.0       2294423     2.294
    18.0     2400375     2.400           0     0.0       2306766     2.307
    19.0     2400178     2.400           0     0.0       2308762     2.309
    20.0     2349013     2.349           0     0.0       2303116     2.303


