# Hybrid                         #QSBR                 #SMR
#Elapsed  Throughput      Mops   Throughput      Mops  Throughput      Mops
     1.0     2416527     2.417      2286555     2.287     2165274     2.165
     2.0     2534104     2.534      2365668     2.366     2145564     2.146
     3.0     2549374     2.549      2487497     2.487     2155634     2.156
     4.0     2553760     2.554      2616028     2.616     2178069     2.178
     5.0     2625359     2.625      2629623     2.630     2186550     2.187
     6.0     2666499     2.666      2736753     2.737     2190637     2.191
     7.0     2718965     2.719      2819339     2.819     2192330     2.192
     8.0     2764290     2.764      2866244     2.866     2192877     2.193
     9.0     2801344     2.801      2913051     2.913     2212483     2.212
    10.0     2771543     2.772      2973137     2.973     2198890     2.199
