# u0
#       ./bin/lf-ll_smr_harris_opt        ./bin/lf-ll_smr_no_membar_harris_opt    ./bin/lf-ll_smr_no_membar_igor_opt0   ./bin/lf-ll_smr_no_membar_igor_opt1  ./bin/lf-ll_smr_no_membar_igor_opt2 	                    
#cores  throughput  %linear scalability   throughput  %linear scalability         throughput  %linear scalability       throughput  %linear scalability   	  throughput  %linear scalability              
1       91753       100.00  1             721755      100.00  1                   721612      100.00  1                 719088      100.00  1             	  712844      100.00  1                        
2       185251      100.95  2.02          1452958     100.65  2.01                1456465     100.92  2.02              1450186     100.84  2.02          	  1443305     101.24  2.02                     
4       371943      101.34  4.05          2901303     100.49  4.02                2907791     100.74  4.03              2889209     100.45  4.02          	  2901656     101.76  4.07                     
8       571535      77.86   6.23          5748349     99.56   7.96                5784416     100.20  8.02              5665462     98.48   7.88          	  5662103     99.29   7.94                     
16      787765      53.66   8.59          9645875     83.53   13.36               9419074     81.58   13.05             9860441     85.70   13.71         	  9964933     87.37   13.98                    
20      927084      50.52   10.10         10688484    74.05   14.81               10736634    74.39   14.88             11652184    81.02   16.20         	  10971520    76.96   15.39                    
40      1951416     53.17   21.27         12175891    42.17   16.87               12047810    41.74   16.70             11855738    41.22   16.49         	  12102598    42.44   16.98                    
80      2590775     35.30   28.24         19182128    33.22   26.58               17946685    31.09   24.87             17927003    31.16   24.93         	  18091910    31.72   25.38     

                                                                                                                        	                                       
# u10                                                                                                                   	                                             
#       ./bin/lf-ll_smr_harris_opt         ./bin/lf-ll_smr_no_membar_harris_opt     ./bin/lf-ll_smr_no_membar_igor_opt  ./bin/lf-ll_smr_no_membar_igor_opt1   ./bin/lf-ll_smr_no_membar_igor_opt2 	                 
#cores  throughput  %linear scalability    throughput  %linear scalability          throughput  %linear scalability     throughput  %linear scalability   	  throughput  %linear scalability   
1       92106       100.00  1              292579      100.00  1                    412052      100.00  1               415412      100.00  1             	  414565      100.00  1             
2       141315      76.71   1.53           415634      71.03   1.42                 433609      52.62   1.05            436881      52.58   1.05          	  473578      57.12   1.14          
4       232897      63.21   2.53           947603      80.97   3.24                 1137509     69.01   2.76            1111829     66.91   2.68          	  1089544     65.70   2.63          
8       445074      60.40   4.83           1464860     62.58   5.01                 1617286     49.06   3.92            1673787     50.37   4.03          	  1624460     48.98   3.92          
16      725844      49.25   7.88           2124868     45.39   7.26                 2274469     34.50   5.52            2241370     33.72   5.40          	  2257754     34.04   5.45          
20      791704      42.98   8.60           2566054     43.85   8.77                 2624327     31.84   6.37            2525241     30.39   6.08          	  2681269     32.34   6.47          
40      1491503     40.48   16.19          2779934     23.75   9.50                 2803751     17.01   6.80            2908552     17.50   7.00          	  2991008     18.04   7.21          
80      2096353     28.45   22.76          3045548     13.01   10.41                2830789     8.59    6.87            3574286     10.76   8.60          	  3126763     9.43    7.54         
 

# u50                                                                                                                   	                                              
#       ./bin/lf-ll_smr_harris_opt        ./bin/lf-ll_smr_no_membar_harris_opt   ./bin/lf-ll_smr_no_membar_igor_opt0    ./bin/lf-ll_smr_no_membar_igor_opt1   ./bin/lf-ll_smr_no_membar_igor_opt2 	                          
#cores  throughput  %linear scalability   throughput  %linear scalability        throughput  %linear scalability        throughput  %linear scalability   	  throughput  %linear scalability            
1       92828       100.00  1             91574       100.00  1                  383527      100.00  1                  386295      100.00  1             	  390355      100.00  1                      
2       140556      75.71   1.51          177142      96.72   1.93               565477      73.72   1.47               565422      73.19   1.46          	  541024      69.30   1.39                   
4       228264      61.47   2.46          348696      95.20   3.81               1109456     72.32   2.89               1106057     71.58   2.86          	  1022888     65.51   2.62                   
8       403751      54.37   4.35          621766      84.87   6.79               1236954     40.32   3.23               1265813     40.96   3.28          	  1217668     38.99   3.12                   
16      633508      42.65   6.82          1071164     73.11   11.70              1571622     25.61   4.10               1706234     27.61   4.42          	  1647497     26.38   4.22                   
20      718310      38.69   7.74          1302787     71.13   14.23              1814816     23.66   4.73               1999289     25.88   5.18          	  1931436     24.74   4.95                   
40      1356912     36.54   14.62         1819009     49.66   19.86              2099494     13.69   5.47               2612109     16.90   6.76          	  2285185     14.64   5.85                   
80      1913555     25.77   20.61         2264607     30.91   24.73              2462181     8.02    6.42               3268677     10.58   8.46     	      2659520     8.52    6.81        
   
                                                                                                                        	                                     
# u100                                                                                                                  	                                     
#       ./bin/lf-ll_smr_harris_opt        ./bin/lf-ll_smr_no_membar_harris_opt    ./bin/lf-ll_smr_no_membar_igor_opt0   ./bin/lf-ll_smr_no_membar_igor_opt1   ./bin/lf-ll_smr_no_membar_igor_opt2                                      
#cores  throughput  %linear scalability   throughput  %linear scalability         throughput  %linear scalability       throughput  %linear scalability   	  throughput  %linear scalability                                  
1       94273       100.00  1             48729       100.00  1                   379545      100.00  1                 380717      100.00  1             	  385711      100.00  1                                            
2       139941      74.22   1.48          95871       98.37   1.97                548421      72.25   1.44              549009      72.10   1.44          	  522325      67.71   1.35                                         
4       227696      60.38   2.42          189808      97.38   3.90                1050092     69.17   2.77              1065749     69.98   2.80          	  957968      62.09   2.48                                         
8       389309      51.62   4.13          355473      91.19   7.29                1139023     37.51   3.00              1179574     38.73   3.10          	  1137584     36.87   2.95                                         
16      626332      41.52   6.64          646396      82.91   13.27               1270423     20.92   3.35              1372268     22.53   3.60          	  1367379     22.16   3.55                                         
20      678596      35.99   7.20          801098      82.20   16.44               1410063     18.58   3.72              1570454     20.62   4.12          	  1564546     20.28   4.06                                         
40      1165738     30.91   12.37         1243446     63.79   25.52               1674113     11.03   4.41              2555373     16.78   6.71          	  1885056     12.22   4.89                                         
80      1560774     20.69   16.56         1308730     33.57   26.86               1960862     6.46    5.17              2978245     9.78    7.82           	  2256617     7.31    5.85                  
