#       ./bin/lf-ll_harris_opt          ./bin/lf-ll_qsbr_harris_opt     ./bin/lf-ll_smr_harris_opt      ./bin/lf-ll_smr_no_membar_harris_opt
#cores  throughput  %linear scalability throughput  %linear scalability throughput  %linear scalability throughput  %linear scalability
1       439791      100.00  1           433740      100.00  1           94399       100.00  1           291112      100.00  1       
2       475674      54.08   1.08        516450      59.53   1.19        143644      76.08   1.52        425622      73.10   1.46    
4       1098794     62.46   2.50        837289      48.26   1.93        235645      62.41   2.50        941704      80.87   3.23    
8       2105968     59.86   4.79        1154729     33.28   2.66        444264      58.83   4.71        1478307     63.48   5.08    
12      2974914     56.37   6.76        1440025     27.67   3.32        600056      52.97   6.36        1768789     50.63   6.08    
16      3493316     49.64   7.94        1854527     26.72   4.28        722924      47.86   7.66        2071674     44.48   7.12    
20      4690889     53.33   10.67       2332301     26.89   5.38        769005      40.73   8.15        2407234     41.35   8.27    
32      8842417     62.83   20.11       3031268     21.84   6.99        1078545     35.70   11.43       2443048     26.23   8.39    
40      10773360    61.24   24.50       3138415     18.09   7.24        1390210     36.82   14.73       2496696     21.44   8.58    
60      11431695    43.32   25.99       3292510     12.65   7.59        1912041     33.76   20.25       2501720     14.32   8.59    
80      13085176    37.19   29.75       2966724     8.55    6.84        1730062     22.91   18.33       2698745     11.59   9.27   
