#cores  throughput  %linear scalability throughput  %linear scalability throughput  %linear scalability throughput  %linear scalability
1       441291      100.00  1           441946      100.00  1           71686       100.00  1           299585      100.00  1       
2       474015      53.71   1.07        503047      56.91   1.14        123892      86.41   1.73        469079      78.29   1.57    
4       1106941     62.71   2.51        808163      45.72   1.83        244393      85.23   3.41        864955      72.18   2.89    
8       2132769     60.41   4.83        1153644     32.63   2.61        366706      63.94   5.12        1109810     46.31   3.70    
12      2750850     51.95   6.23        1489635     28.09   3.37        538628      62.61   7.51        1430584     39.79   4.78    
16      3527610     49.96   7.99        1719094     24.31   3.89        627787      54.73   8.76        1847084     38.53   6.17    
20      4638672     52.56   10.51       2383781     26.97   5.39        763457      53.25   10.65       2132754     35.60   7.12    
32      8963577     63.48   20.31       3083570     21.80   6.98        935523      40.78   13.05       2554285     26.64   8.53    
40      10124334    57.36   22.94       3206140     18.14   7.25        1226019     42.76   17.10       2622556     21.88   8.75    
60      10706119    40.43   24.26       3223764     12.16   7.29        1362927     31.69   19.01       2821263     15.70   9.42    
80      12076520    34.21   27.37       3004583     8.50    6.80        1857526     32.39   25.91       2701383     11.27   9.02    

