#       ./bin/lf-ll_harris_opt          ./bin/lf-ll_qsbr_harris_opt     ./bin/lf-ll_smr_harris_opt      ./bin/lf-ll_smr_no_membar_harris_opt./bin/lf-ll_hybrid_harris_opt   
#cores  throughput  %linear scalability throughput  %linear scalability throughput  %linear scalability throughput  %linear scalability throughput  %linear scalability
1       514171      100.00  1           514869      100.00  1           94387       100.00  1           549358      100.00  1           519297      100.00  1       
2       526058      51.16   1.02        472979      45.93   0.92        153822      81.48   1.63        488589      44.47   0.89        493035      47.47   0.95    
4       780557      37.95   1.52        697633      33.87   1.35        265567      70.34   2.81        655512      29.83   1.19        785118      37.80   1.51    
8       1770022     43.03   3.44        1565759     38.01   3.04        489115      64.78   5.18        1161847     26.44   2.11        1396519     33.62   2.69    
12      2386492     38.68   4.64        1637405     26.50   3.18        642155      56.70   6.80        1571902     23.84   2.86        1429809     22.94   2.75    
16      3239156     39.37   6.30        2042896     24.80   3.97        740054      49.00   7.84        1945648     22.14   3.54        1887254     22.71   3.63    
20      4599557     44.73   8.95        2478731     24.07   4.81        891620      47.23   9.45        2379654     21.66   4.33        2330907     22.44   4.49    
32      8904349     54.12   17.32       3035938     18.43   5.90        1106086     36.62   11.72       2543162     14.47   4.63        3173034     19.09   6.11    
40      12115243    58.91   23.56       3158036     15.33   6.13        1425724     37.76   15.11       2623108     11.94   4.77        3115868     15.00   6.00    
60      13744064    44.55   26.73       3158140     10.22   6.13        1674725     29.57   17.74       3056963     9.27    5.56        3263033     10.47   6.28    
80      13860723    33.70   26.96       3708395     9.00    7.20        2164332     28.66   22.93       2770169     6.30    5.04        2667284     6.42    5.14 

