#cores  throughput  %linear scalability throughput  %linear scalability throughput  %linear scalability throughput  %linear scalability
1       441487      100.00  1           443067      100.00  1           73528       100.00  1           302127      100.00  1       
2       482436      54.64   1.09        525849      59.34   1.19        127598      86.77   1.74        468321      77.50   1.55    
4       1099418     62.26   2.49        875624      49.41   1.98        243049      82.64   3.31        852263      70.52   2.82    
8       2129486     60.29   4.82        1199109     33.83   2.71        343475      58.39   4.67        1199147     49.61   3.97    
12      2942679     55.54   6.67        1453437     27.34   3.28        528867      59.94   7.19        1397512     38.55   4.63    
16      3497362     49.51   7.92        1847078     26.06   4.17        642226      54.59   8.73        1822425     37.70   6.03    
20      5263757     59.61   11.92       2397356     27.05   5.41        793740      53.98   10.80       2218528     36.72   7.34    
32      8061047     57.06   18.26       2993713     21.11   6.76        922027      39.19   12.54       2535766     26.23   8.39    
40      10635330    60.22   24.09       3032708     17.11   6.84        1225341     41.66   16.66       2618422     21.67   8.67    
60      11427100    43.14   25.88       3152602     11.86   7.12        1334536     30.25   18.15       2583169     14.25   8.55    
80      12614004    35.71   28.57       3040314     8.58    6.86        1637473     27.84   22.27       2408218     9.96    7.97 
