#cores  throughput  %linear scalability throughput  %linear scalability throughput  %linear scalability throughput  %linear scalability
1       860104      100.00  1           861570      100.00  1           93852       100.00  1           735378      100.00  1       
2       1683860     97.89   1.96        1717434     99.67   1.99        187280      99.77   2.00        1390119     94.52   1.89    
4       3386130     98.42   3.94        3406941     98.86   3.95        371823      99.05   3.96        2914869     99.09   3.96    
8       6896124     100.22  8.02        6970333     101.13  8.09        537601      71.60   5.73        5695636     96.81   7.75    
12      10459440    101.34  12.16       10174890    98.41   11.81       606160      53.82   6.46        8702536     98.62   11.83   
16      13364344    97.11   15.54       13770934    99.90   15.98       774391      51.57   8.25        9175410     77.98   12.48   
20      16875844    98.10   19.62       17330230    100.57  20.11       1063381     56.65   11.33       11830204    80.44   16.09   
32      27175931    98.74   31.60       27076162    98.21   31.43       1361666     45.34   14.51       9732545     41.36   13.23   
40      32975096    95.85   38.34       33410585    96.95   38.78       1990922     53.03   21.21       12416048    42.21   16.88   
60      33352344    64.63   38.78       34105286    65.98   39.59       2102732     37.34   22.40       16982663    38.49   23.09   
80      37455427    54.43   43.55       32186416    46.70   37.36       2214623     29.50   23.60       21599543    36.72   29.37 
