#cores  throughput  %linear scalability throughput  %linear scalability throughput  %linear scalability throughput  %linear scalability
1       524444      100.00  1           544024      100.00  1           74871       100.00  1           522071      100.00  1       
2       551672      52.60   1.05        558474      51.33   1.03        139853      93.40   1.87        596746      57.15   1.14    
4       964735      45.99   1.84        940602      43.22   1.73        251492      83.98   3.36        1009287     48.33   1.93    
8       1874586     44.68   3.57        1319556     30.32   2.43        362768      60.57   4.85        1499716     35.91   2.87    
12      2417885     38.42   4.61        1713915     26.25   3.15        565102      62.90   7.55        1643672     26.24   3.15    
16      3397612     40.49   6.48        2613081     30.02   4.80        679242      56.70   9.07        2012515     24.09   3.85    
20      4619546     44.04   8.81        2594630     23.85   4.77        750286      50.11   10.02       2505777     24.00   4.80    
32      9516026     56.70   18.14       3377273     19.40   6.21        950903      39.69   12.70       2513359     15.04   4.81    
40      12222248    58.26   23.31       3415823     15.70   6.28        1328618     44.36   17.75       2812764     13.47   5.39    
60      15050365    47.83   28.70       3289353     10.08   6.05        1295082     28.83   17.30       3336284     10.65   6.39    
80      15010705    35.78   28.62       3016620     6.93    5.55        1792024     29.92   23.93       3154825     7.55    6.04  
