#       ./bin/lf-ll_harris_opt          ./bin/lf-ll_qsbr_harris_opt     ./bin/lf-ll_smr_harris_opt      ./bin/lf-ll_smr_no_membar_harris_opt
#cores  throughput  %linear scalability throughput  %linear scalability throughput  %linear scalability throughput  %linear scalability
1       428653      100.00  1           420788      100.00  1           93575       100.00  1           92187       100.00  1       
2       385988      45.02   0.90        448409      53.28   1.07        141092      75.39   1.51        175854      95.38   1.91    
4       1107968     64.62   2.58        722945      42.95   1.72        230301      61.53   2.46        347315      94.19   3.77    
8       2067759     60.30   4.82        1034193     30.72   2.46        418707      55.93   4.47        629486      85.35   6.83    
12      2823844     54.90   6.59        1240344     24.56   2.95        572270      50.96   6.12        842406      76.15   9.14    
16      3369956     49.14   7.86        1597060     23.72   3.80        644760      43.06   6.89        1035519     70.21   11.23   
20      4191022     48.89   9.78        2054552     24.41   4.88        785354      41.96   8.39        1290123     69.97   13.99   
32      8076120     58.88   18.84       2632031     19.55   6.26        1112185     37.14   11.89       1576983     53.46   17.11   
40      9030901     52.67   21.07       2908140     17.28   6.91        1337634     35.74   14.29       1776547     48.18   19.27   
60      8400746     32.66   19.60       2977110     11.79   7.08        1605388     28.59   17.16       1793023     32.42   19.45   
80      7992439     23.31   18.65       2967661     8.82    7.05        1696867     22.67   18.13       1676555     22.73   18.19 

