#       ./bin/lf-ll_harris_opt          ./bin/lf-ll_qsbr_harris_opt     ./bin/lf-ll_smr_harris_opt      ./bin/lf-ll_smr_no_membar_harris_opt
#cores  throughput  %linear scalability throughput  %linear scalability throughput  %linear scalability throughput  %linear scalability
1       431099      100.00  1           421866      100.00  1           93496       100.00  1           48915       100.00  1       
2       344896      40.00   0.80        409540      48.54   0.97        139952      74.84   1.50        95602       97.72   1.95    
4       1070946     62.11   2.48        665476      39.44   1.58        230266      61.57   2.46        189932      97.07   3.88    
8       2080718     60.33   4.83        957884      28.38   2.27        422937      56.54   4.52        356104      91.00   7.28    
12      2722337     52.62   6.31        1175641     23.22   2.79        610076      54.38   6.53        501573      85.45   10.25   
16      3283872     47.61   7.62        1455025     21.56   3.45        686326      45.88   7.34        639944      81.77   13.08   
20      3938450     45.68   9.14        1911572     22.66   4.53        749995      40.11   8.02        788556      80.60   16.12   
32      6588166     47.76   15.28       2446513     18.12   5.80        993962      33.22   10.63       1065514     68.07   21.78   
40      8210196     47.61   19.04       2706317     16.04   6.42        1278390     34.18   13.67       1209287     61.81   24.72   
60      5559705     21.49   12.90       3047156     12.04   7.22        1388572     24.75   14.85       1332568     45.40   27.24   
80      4306212     12.49   9.99        2827491     8.38    6.70        1728217     23.11   18.48       1397972     35.72   28.58

