#       ./bin/lf-ll_harris_opt          ./bin/lf-ll_qsbr_harris_opt     ./bin/lf-ll_smr_harris_opt      ./bin/lf-ll_smr_no_membar_harris_opt./bin/lf-ll_hybrid_harris_opt   
#cores  throughput  %linear scalability throughput  %linear scalability throughput  %linear scalability throughput  %linear scalability throughput  %linear scalability
1       432165      100.00  1           424572      100.00  1           92809       100.00  1           48625       100.00  1           100798      100.00  1       
2       337255      39.02   0.78        410700      48.37   0.97        139109      74.94   1.50        95815       98.52   1.97        182908      90.73   1.81    
4       1044941     60.45   2.42        669531      39.42   1.58        231186      62.27   2.49        189178      97.26   3.89        320000      79.37   3.17    
8       2010116     58.14   4.65        935738      27.55   2.20        397963      53.60   4.29        353414      90.85   7.27        564523      70.01   5.60    
12      2711311     52.28   6.27        1130338     22.19   2.66        557667      50.07   6.01        498801      85.48   10.26       653784      54.05   6.49    
16      3196086     46.22   7.40        1436025     21.14   3.38        659103      44.39   7.10        643419      82.70   13.23       888947      55.12   8.82    
20      3962463     45.84   9.17        1860077     21.91   4.38        781362      42.10   8.42        785963      80.82   16.16       1152854     57.19   11.44   
32      7253160     52.45   16.78       2439199     17.95   5.75        992829      33.43   10.70       1059172     68.07   21.78       1623803     50.34   16.11   
40      8436800     48.81   19.52       2611361     15.38   6.15        1271471     34.25   13.70       1207497     62.08   24.83       1772403     43.96   17.58   
60      5705257     22.00   13.20       2903015     11.40   6.84        1500285     26.94   16.17       1325892     45.45   27.27       2815056     46.55   27.93   
80      3634383     10.51   8.41        2771036     8.16    6.53        1764039     23.76   19.01       1234851     31.74   25.40       2755908     34.18   27.34 
