#       ./bin/lf-ll_harris_opt          ./bin/lf-ll_qsbr_harris_opt     ./bin/lf-ll_smr_harris_opt      ./bin/lf-ll_smr_no_membar_harris_opt./bin/lf-ll_hybrid_harris_opt   
#cores  throughput  %linear scalability throughput  %linear scalability throughput  %linear scalability throughput  %linear scalability throughput  %linear scalability
1       830214      100.00  1           754836      100.00  1           93765       100.00  1           727050      100.00  1           705165      100.00  1       
2       1689509     101.75  2.04        1479366     97.99   1.96        183030      97.60   1.95        1458438     100.30  2.01        1441887     102.24  2.04    
4       3471344     104.53  4.18        3022254     100.10  4.00        377783      100.73  4.03        2962498     101.87  4.07        2893239     102.57  4.10    
8       6909563     104.03  8.32        6125737     101.44  8.12        477636      63.67   5.09        5855019     100.66  8.05        5671809     100.54  8.04    
12      10136704    101.75  12.21       8871442     97.94   11.75       635621      56.49   6.78        7659361     87.79   10.53       8581274     101.41  12.17   
16      13501011    101.64  16.26       12077819    100.00  16.00       826441      55.09   8.81        10028816    86.21   13.79       11531034    102.20  16.35   
20      16843918    101.44  20.29       12714716    84.22   16.84       1178053     62.82   12.56       11415731    78.51   15.70       13058509    92.59   18.52   
32      26956331    101.47  32.47       23592323    97.67   31.25       1402056     46.73   14.95       9305950     40.00   12.80       19132064    84.79   27.13   
40      34025797    102.46  40.98       28678713    94.98   37.99       1957017     52.18   20.87       12446267    42.80   17.12       22852752    81.02   32.41   
60      31616455    63.47   38.08       26509122    58.53   35.12       2097137     37.28   22.37       17000557    38.97   23.38       19888690    47.01   28.20   
80      31321532    47.16   37.73       28005068    46.38   37.10       2523844     33.65   26.92       18567873    31.92   25.54       26539171    47.04   37.64 

