#cores  throughput  %linear scalability throughput  %linear scalability throughput  %linear scalability throughput  %linear scalability
1       850463      100.00  1           862969      100.00  1           73062       100.00  1           743170      100.00  1       
2       1675190     98.49   1.97        1685925     97.68   1.95        147765      101.12  2.02        1471797     99.02   1.98    
4       3373659     99.17   3.97        3393781     98.32   3.93        294064      100.62  4.02        2955061     99.41   3.98    
8       6775997     99.59   7.97        6740936     97.64   7.81        405735      69.42   5.55        5790808     97.40   7.79    
12      10264667    100.58  12.07       10348813    99.93   11.99       548295      62.54   7.50        8475071     95.03   11.40   
16      13418627    98.61   15.78       13584082    98.38   15.74       691871      59.19   9.47        9579823     80.57   12.89   
20      17008325    99.99   20.00       16587758    96.11   19.22       774726      53.02   10.60       11482085    77.25   15.45   
32      26785104    98.42   31.49       26574893    96.23   30.79       1137418     48.65   15.57       10005104    42.07   13.46   
40      33634029    98.87   39.55       33302712    96.48   38.59       1657308     56.71   22.68       11870851    39.93   15.97   
60      32678055    64.04   38.42       32877164    63.50   38.10       1651171     37.67   22.60       13830853    31.02   18.61   
80      36528191    53.69   42.95       31994294    46.34   37.07       1977864     33.84   27.07       14893872    25.05   20.04   

