#       ./bin/lf-ll_harris_opt          ./bin/lf-ll_qsbr_harris_opt     ./bin/lf-ll_smr_harris_opt      ./bin/lf-ll_smr_no_membar_harris_opt./bin/lf-ll_hybrid_harris_opt   
#cores  throughput  %linear scalability throughput  %linear scalability throughput  %linear scalability throughput  %linear scalability throughput  %linear scalability
1       445842      100.00  1           422382      100.00  1           94205       100.00  1           292205      100.00  1           430305      100.00  1       
2       476866      53.48   1.07        443116      52.45   1.05        142532      75.65   1.51        418016      71.53   1.43        455376      52.91   1.06    
4       1120578     62.83   2.51        720698      42.66   1.71        235357      62.46   2.50        940531      80.47   3.22        783265      45.51   1.82    
8       2154681     60.41   4.83        1087578     32.19   2.57        432827      57.43   4.59        1281367     54.81   4.39        1129886     32.82   2.63    
12      2944077     55.03   6.60        1391411     27.45   3.29        650474      57.54   6.90        1903605     54.29   6.51        1471540     28.50   3.42    
16      3504216     49.12   7.86        1642443     24.30   3.89        689062      45.72   7.31        1991033     42.59   6.81        1692152     24.58   3.93    
20      4649896     52.15   10.43       2224906     26.34   5.27        770520      40.90   8.18        2361268     40.40   8.08        2247481     26.11   5.22    
32      8856218     62.08   19.86       2923060     21.63   6.92        1185975     39.34   12.59       2336348     24.99   8.00        2731466     19.84   6.35    
40      10674284    59.85   23.94       3245846     19.21   7.68        1376560     36.53   14.61       2532015     21.66   8.67        2753850     16.00   6.40    
60      12159846    45.46   27.27       2987541     11.79   7.07        1612577     28.53   17.12       2547541     14.53   8.72        2947835     11.42   6.85    
80      13167886    36.92   29.53       2998502     8.87    7.10        1820672     24.16   19.33       2605208     11.14   8.92        2620793     7.61    6.09  

