#       ./bin/lf-ll_harris_opt          ./bin/lf-ll_qsbr_harris_opt     ./bin/lf-ll_smr_harris_opt      
#cores  throughput  %linear scalability throughput  %linear scalability throughput  %linear scalability
1       842509      100.00  1           819585      100.00  1           73630       100.00  1       
2       1735531     103.00  2.06        1717837     104.80  2.10        150672      102.32  2.05    
4       3393983     100.71  4.03        3391527     103.45  4.14        292760      99.40   3.98    
8       6779895     100.59  8.05        6742583     102.84  8.23        391631      66.49   5.32    
12      10205183    100.94  12.11       10148127    103.18  12.38       492863      55.78   6.69    
16      13633533    101.14  16.18       13248125    101.03  16.16       621637      52.77   8.44    
20      17329935    102.85  20.57       16945897    103.38  20.68       762053      51.75   10.35   
32      27100680    100.52  32.17       26645218    101.60  32.51       1134402     48.15   15.41   
40      33906459    100.61  40.24       33720752    102.86  41.14       1624320     55.15   22.06   
80      32188217    47.76   38.21       37614231    57.37   45.89       1954254
