# XEON, 256K, U0
#       ./bin/lf-ll_smr_no_membar_harris_opt./bin/lf-ll_smr_no_membar_igor_opt./bin/lf-ll_smr_membar_lazy     ./bin/lf-ll_smr_harris_opt      
#cores  throughput  %linear scalability throughput  %linear scalability throughput  %linear scalability throughput  %linear scalability
1       731849      100.00  1           730274      100.00  1           93232       100.00  1           86635       100.00  1       
2       1451212     99.15   1.98        1395232     95.53   1.91        191083      102.48  2.05        177419      102.39  2.05    
4       2859834     97.69   3.91        2893295     99.05   3.96        375568      100.71  4.03        349484      100.85  4.03    
8       5653205     96.56   7.72        5703145     97.62   7.81        731538      98.08   7.85        491067      70.85   5.67    
16      9121806     77.90   12.46       9266017     79.30   12.69       752183      50.42   8.07        719026      51.87   8.30    
20      10829117    73.98   14.80       12912800    88.41   17.68       1014329     54.40   10.88       863515      49.84   9.97    
30      8924683     40.65   12.19       9018643     41.17   12.35       1185272     42.38   12.71       1120590     43.12   12.93   
40      11853385    40.49   16.20       11809998    40.43   16.17       1975318     52.97   21.19       1884401     54.38   21.75   
80      14676671    25.07   20.05       17958796    30.74   24.59       2592317     34.76   27.81       2395406     34.56   27.65


# XEON, 256K, U10
#       ./bin/lf-ll_smr_no_membar_harris_opt./bin/lf-ll_smr_no_membar_igor_opt./bin/lf-ll_smr_membar_lazy     ./bin/lf-ll_smr_harris_opt      
#cores  throughput  %linear scalability throughput  %linear scalability throughput  %linear scalability throughput  %linear scalability
1       291669      100.00  1           414655      100.00  1           92345       100.00  1           86756       100.00  1       
2       460147      78.88   1.58        459067      55.36   1.11        143702      77.81   1.56        143132      82.49   1.65    
4       928234      79.56   3.18        1149823     69.32   2.77        241341      65.34   2.61        292703      84.35   3.37    
8       1447089     62.02   4.96        1612712     48.62   3.89        427561      57.88   4.63        508824      73.31   5.87    
16      1962650     42.06   6.73        2148318     32.38   5.18        719612      48.70   7.79        651618      46.94   7.51    
20      2297540     39.39   7.88        2452200     29.57   5.91        736149      39.86   7.97        1012843     58.37   11.67   
30      2449390     27.99   8.40        2608487     20.97   6.29        961486      34.71   10.41       1208286     46.42   13.93   
40      2727436     23.38   9.35        2568835     15.49   6.20        1478120     40.02   16.01       1784191     51.41   20.57   
80      2796482     11.98   9.59        2437037     7.35    5.88        1831993     24.80   19.84       2182539     31.45   25.16 


# XEON, 256K, U50
#       ./bin/lf-ll_smr_no_membar_harris_opt./bin/lf-ll_smr_no_membar_igor_opt./bin/lf-ll_smr_membar_lazy     ./bin/lf-ll_smr_harris_opt      
#cores  throughput  %linear scalability throughput  %linear scalability throughput  %linear scalability throughput  %linear scalability
1       90532       100.00  1           372672      100.00  1           91453       100.00  1           87581       100.00  1       
2       174097      96.15   1.92        553367      74.24   1.48        150548      82.31   1.65        139805      79.81   1.60    
4       346179      95.60   3.82        1041807     69.89   2.80        277911      75.97   3.04        272808      77.87   3.11    
8       642070      88.65   7.09        1558514     52.27   4.18        403316      55.13   4.41        510457      72.85   5.83    
16      1077983     74.42   11.91       1730622     29.02   4.64        635446      43.43   6.95        765374      54.62   8.74    
20      1289138     71.20   14.24       1847608     24.79   4.96        702411      38.40   7.68        1044726     59.64   11.93   
30      1636454     60.25   18.08       2136590     19.11   5.73        934032      34.04   10.21       1151610     43.83   13.15   
40      1746168     48.22   19.29       2107167     14.14   5.65        1336369     36.53   14.61       1439296     41.08   16.43   
80      2349528     32.44   25.95       2914611     9.78    7.82        1771611     24.21   19.37       1736671     24.79   19.83 


# XEON, 256K, U80
#       ./bin/lf-ll_smr_no_membar_harris_opt./bin/lf-ll_smr_no_membar_igor_opt./bin/lf-ll_smr_membar_lazy     ./bin/lf-ll_smr_harris_opt      
#cores  throughput  %linear scalability throughput  %linear scalability throughput  %linear scalability throughput  %linear scalability
1       60538       100.00  1           359431      100.00  1           90555       100.00  1           90145       100.00  1       
2       117694      97.21   1.94        545609      75.90   1.52        158204      87.35   1.75        138156      76.63   1.53    
4       231738      95.70   3.83        1016916     70.73   2.83        297916      82.25   3.29        295500      81.95   3.28    
8       443661      91.61   7.33        1485434     51.66   4.13        375140      51.78   4.14        486795      67.50   5.40    
16      785433      81.09   12.97       1547693     26.91   4.31        596143      41.15   6.58        822939      57.06   9.13    
20      936455      77.34   15.47       1632337     22.71   4.54        715740      39.52   7.90        1027144     56.97   11.39   
30      1236106     68.06   20.42       1825506     16.93   5.08        873849      32.17   9.65        1017788     37.64   11.29   
40      1407809     58.14   23.25       1854219     12.90   5.16        1359681     37.54   15.01       1382700     38.35   15.34   
80      1702314     35.15   28.12       2330311     8.10    6.48        1646379     22.73   18.18       1542199     21.38   17.11  


# XEON, 256K, U100
#       ./bin/lf-ll_smr_no_membar_harris_opt./bin/lf-ll_smr_no_membar_igor_opt./bin/lf-ll_smr_membar_lazy     ./bin/lf-ll_smr_harris_opt      
#cores  throughput  %linear scalability throughput  %linear scalability throughput  %linear scalability throughput  %linear scalability
1       48891       100.00  1           307506      100.00  1           90461       100.00  1           90156       100.00  1       
2       95335       97.50   1.95        538976      87.64   1.75        159840      88.35   1.77        136278      75.58   1.51    
4       189442      96.87   3.87        1010169     82.13   3.29        307166      84.89   3.40        276678      76.72   3.07    
8       365621      93.48   7.48        1413334     57.45   4.60        375436      51.88   4.15        465233      64.50   5.16    
16      661870      84.61   13.54       1423329     28.93   4.63        575364      39.75   6.36        777826      53.92   8.63    
20      798890      81.70   16.34       1510481     24.56   4.91        666380      36.83   7.37        948134      52.58   10.52   
30      1042058     71.05   21.31       1701760     18.45   5.53        849293      31.29   9.39        954112      35.28   10.58   
40      1220048     62.39   24.95       1752325     14.25   5.70        1222431     33.78   13.51       1313726     36.43   14.57   
80      1274022     32.57   26.06       2253815     9.16    7.33        1400721     19.36   15.48       1557658     21.60   17.28 