# XEON, 1024*1024K, U0
#       ./bin/lf-ll_smr_no_membar_harris_opt./bin/lf-ll_smr_no_membar_igor_opt./bin/lf-ll_smr_membar_lazy     ./bin/lf-ll_smr_harris_opt      
#cores  throughput  %linear scalability throughput  %linear scalability throughput  %linear scalability throughput  %linear scalability
1       707552      100.00  1           740794      100.00  1           91417       100.00  1           87668       100.00  1       
2       1478169     104.46  2.09        1464917     98.87   1.98        188116      102.89  2.06        175845      100.29  2.01    
4       2898708     102.42  4.10        2839081     95.81   3.83        368873      100.88  4.04        353149      100.71  4.03    
8       5824110     102.89  8.23        5772345     97.40   7.79        521418      71.30   5.70        649342      92.59   7.41    
16      10264228    90.67   14.51       9246618     78.01   12.48       750197      51.29   8.21        867971      61.88   9.90    
20      10608788    74.97   14.99       10574458    71.37   14.27       905790      49.54   9.91        876677      50.00   10.00   
30      9326921     43.94   13.18       9518625     42.83   12.85       1211977     44.19   13.26       1167747     44.40   13.32   
40      12203125    43.12   17.25       11881009    40.10   16.04       1981050     54.18   21.67       1885606     53.77   21.51   
80      18065766    31.92   25.53       18172285    30.66   24.53       2660593     36.38   29.10       2372566     33.83   27.06


# XEON, 1024*1024K, U10
#       ./bin/lf-ll_smr_no_membar_harris_opt./bin/lf-ll_smr_no_membar_igor_opt./bin/lf-ll_smr_membar_lazy     ./bin/lf-ll_smr_harris_opt      
#cores  throughput  %linear scalability throughput  %linear scalability throughput  %linear scalability throughput  %linear scalability
1       294670      100.00  1           411213      100.00  1           93422       100.00  1           85239       100.00  1       
2       412122      69.93   1.40        439241      53.41   1.07        142991      76.53   1.53        140238      82.26   1.65    
4       950609      80.65   3.23        1134301     68.96   2.76        233327      62.44   2.50        286991      84.17   3.37    
8       1504860     63.84   5.11        1615790     49.12   3.93        414063      55.40   4.43        514965      75.52   6.04    
16      2138244     45.35   7.26        2343689     35.62   5.70        656829      43.94   7.03        683413      50.11   8.02    
20      2470526     41.92   8.38        2539784     30.88   6.18        867690      46.44   9.29        980536      57.52   11.50   
30      2651963     30.00   9.00        2567294     20.81   6.24        961489      34.31   10.29       1166645     45.62   13.69   
40      2953944     25.06   10.02       2767430     16.82   6.73        1403732     37.56   15.03       1616722     47.42   18.97   
80      3064012     13.00   10.40       3461256     10.52   8.42        2072483     27.73   22.18       2187088     32.07   25.66 


# XEON, 1024*1024K, U50
#       ./bin/lf-ll_smr_no_membar_harris_opt./bin/lf-ll_smr_no_membar_igor_opt./bin/lf-ll_smr_membar_lazy     ./bin/lf-ll_smr_harris_opt      
#cores  throughput  %linear scalability throughput  %linear scalability throughput  %linear scalability throughput  %linear scalability
1       91807       100.00  1           385264      100.00  1           89267       100.00  1           87795       100.00  1       
2       176136      95.93   1.92        567037      73.59   1.47        150694      84.41   1.69        135970      77.44   1.55    
4       347831      94.72   3.79        1114873     72.34   2.89        272130      76.21   3.05        250394      71.30   2.85    
8       617046      84.01   6.72        1239868     40.23   3.22        404094      56.59   4.53        524379      74.66   5.97    
16      1061682     72.28   11.56       1564431     25.38   4.06        606919      42.49   6.80        678373      48.29   7.73    
20      1277609     69.58   13.92       1798780     23.34   4.67        717387      40.18   8.04        851636      48.50   9.70    
30      1579690     57.36   17.21       2027652     17.54   5.26        883196      32.98   9.89        1110491     42.16   12.65   
40      1836287     50.00   20.00       2109027     13.69   5.47        1229205     34.42   13.77       1441822     41.06   16.42   
80      2225330     30.30   24.24       2635704     8.55    6.84        1600897     22.42   17.93       1900220     27.05   21.64


# XEON, 1024*1024K, U80
#       ./bin/lf-ll_smr_no_membar_harris_opt./bin/lf-ll_smr_no_membar_igor_opt./bin/lf-ll_smr_membar_lazy     ./bin/lf-ll_smr_harris_opt      
#cores  throughput  %linear scalability throughput  %linear scalability throughput  %linear scalability throughput  %linear scalability
1       60173       100.00  1           379400      100.00  1           90853       100.00  1           90220       100.00  1       
2       117210      97.39   1.95        556627      73.36   1.47        155782      85.73   1.71        135779      75.25   1.50    
4       232586      96.63   3.87        1061931     69.97   2.80        294656      81.08   3.24        272760      75.58   3.02    
8       425377      88.37   7.07        1158738     38.18   3.05        374068      51.47   4.12        488070      67.62   5.41    
16      757902      78.72   12.60       1376344     22.67   3.63        576382      39.65   6.34        837189      58.00   9.28    
20      943802      78.42   15.68       1525171     20.10   4.02        686461      37.78   7.56        960984      53.26   10.65   
30      1201740     66.57   19.97       1680191     14.76   4.43        832914      30.56   9.17        1007218     37.21   11.16   
40      1454382     60.43   24.17       1794996     11.83   4.73        1140269     31.38   12.55       1293760     35.85   14.34   
80      1494568     31.05   24.84       2022528     6.66    5.33        1923548     26.47   21.17       1746188     24.19   19.35 


# XEON, 1024*1024K, U100
#       ./bin/lf-ll_smr_no_membar_harris_opt./bin/lf-ll_smr_no_membar_igor_opt./bin/lf-ll_smr_membar_lazy     ./bin/lf-ll_smr_harris_opt      
#cores  throughput  %linear scalability throughput  %linear scalability throughput  %linear scalability throughput  %linear scalability
1       49139       100.00  1           378701      100.00  1           89924       100.00  1           91282       100.00  1       
2       96444       98.13   1.96        551434      72.81   1.46        159801      88.85   1.78        136569      74.81   1.50    
4       189536      96.43   3.86        1042766     68.84   2.75        303990      84.51   3.38        248349      68.02   2.72    
8       355853      90.52   7.24        1118374     36.91   2.95        378495      52.61   4.21        545957      74.76   5.98    
16      642265      81.69   13.07       1284523     21.20   3.39        586514      40.76   6.52        710917      48.68   7.79    
20      809132      82.33   16.47       1420620     18.76   3.75        654765      36.41   7.28        957177      52.43   10.49   
30      1025637     69.57   20.87       1502562     13.23   3.97        828952      30.73   9.22        951755      34.76   10.43   
40      1239996     63.09   25.23       1691474     11.17   4.47        1117426     31.07   12.43       1212162     33.20   13.28   
80      1666198     42.38   33.91       1985452     6.55    5.24        1536901     21.36   17.09       1619044     22.17   17.74  
