# XEON, 256K, U0
#       ./bin/lf-ll_smr_no_membar_harris_opt./bin/lf-ll_smr_no_membar_igor_opt./bin/lf-ll_smr_lazy            ./bin/lf-ll_smr_harris_opt      
#cores  throughput  %linear scalability throughput  %linear scalability throughput  %linear scalability throughput  %linear scalability
1       714424      100.00  1           721934      100.00  1           720425      100.00  1           86324       100.00  1       
2       1470156     102.89  2.06        1491364     103.29  2.07        1454054     100.92  2.02        170827      98.95   1.98    
4       2763480     96.70   3.87        3009137     104.20  4.17        2922860     101.43  4.06        342994      99.33   3.97    
8       5668109     99.17   7.93        5728391     99.18   7.93        5709532     99.07   7.93        643381      93.16   7.45    
16      10030721    87.75   14.04       9671280     83.73   13.40       9930582     86.15   13.78       753162      54.53   8.72    
20      11333140    79.32   15.86       11453092    79.32   15.86       13114797    91.02   18.20       832625      48.23   9.65    
40      12290166    43.01   17.20       11971875    41.46   16.58       12306235    42.70   17.08       1885680     54.61   21.84   
80      18636873    32.61   26.09       17836753    30.88   24.71       19603265    34.01   27.21       2642186     38.26   30.61   
120     24811267    28.94   34.73       24085509    27.80   33.36       24089809    27.87   33.44       3190316     30.80   36.96    


# XEON, 256K, U10
#       ./bin/lf-ll_smr_no_membar_harris_opt./bin/lf-ll_smr_no_membar_igor_opt./bin/lf-ll_smr_lazy            ./bin/lf-ll_smr_harris_opt      
#cores  throughput  %linear scalability throughput  %linear scalability throughput  %linear scalability throughput  %linear scalability
1       291551      100.00  1           420944      100.00  1           415725      100.00  1           87574       100.00  1       
2       428911      73.56   1.47        472068      56.07   1.12        543306      65.34   1.31        143995      82.21   1.64    
4       938010      80.43   3.22        1126706     66.92   2.68        1137194     68.39   2.74        296576      84.66   3.39    
8       1455852     62.42   4.99        1565407     46.49   3.72        1699546     51.10   4.09        529314      75.55   6.04    
16      2005424     42.99   6.88        2109825     31.33   5.01        2139309     32.16   5.15        783330      55.90   8.94    
20      2183837     37.45   7.49        2339406     27.79   5.56        2630541     31.64   6.33        954703      54.51   10.90   
40      2681826     23.00   9.20        2652545     15.75   6.30        2699458     16.23   6.49        1711294     48.85   19.54   
80      2885235     12.37   9.90        3240122     9.62    7.70        2571965     7.73    6.19        1938314     27.67   22.13   
120     2711197     7.75    9.30        2746555     5.44    6.52        2751632     5.52    6.62        2246032     21.37   25.65   


# XEON, 256K, U50
#       ./bin/lf-ll_smr_no_membar_harris_opt./bin/lf-ll_smr_no_membar_igor_opt./bin/lf-ll_smr_lazy            ./bin/lf-ll_smr_harris_opt      
#cores  throughput  %linear scalability throughput  %linear scalability throughput  %linear scalability throughput  %linear scalability
1       90982       100.00  1           287304      100.00  1           286466      100.00  1           89134       100.00  1       
2       175060      96.21   1.92        548415      95.44   1.91        550382      96.06   1.92        135457      75.99   1.52    
4       347095      95.37   3.81        1045257     90.95   3.64        1036847     90.49   3.62        273214      76.63   3.07    
8       646497      88.82   7.11        1550731     67.47   5.40        1594190     69.56   5.57        503813      70.65   5.65    
16      1089337     74.83   11.97       1693316     36.84   5.89        2014825     43.96   7.03        699923      49.08   7.85    
20      1304506     71.69   14.34       1811998     31.53   6.31        2182850     38.10   7.62        980836      55.02   11.00   
40      1795198     49.33   19.73       2039015     17.74   7.10        2534698     22.12   8.85        1434734     40.24   16.10   
80      2143470     29.45   23.56       2469348     10.74   8.59        2894360     12.63   10.10       1733626     24.31   19.45   
120     2275766     20.84   25.01       2360128     6.85    8.21        3053294     8.88    10.66       1476808     13.81   16.57   


# XEON, 256K, U80
#       ./bin/lf-ll_smr_no_membar_harris_opt./bin/lf-ll_smr_no_membar_igor_opt./bin/lf-ll_smr_lazy            ./bin/lf-ll_smr_harris_opt      
#cores  throughput  %linear scalability throughput  %linear scalability throughput  %linear scalability throughput  %linear scalability
1       59437       100.00  1           179618      100.00  1           180011      100.00  1           89921       100.00  1       
2       117376      98.74   1.97        385396      107.28  2.15        384598      106.83  2.14        136190      75.73   1.51    
4       231306      97.29   3.89        774090      107.74  4.31        769278      106.84  4.27        277866      77.25   3.09    
8       442058      92.97   7.44        1466407     102.05  8.16        1458041     101.25  8.10        499205      69.39   5.55    
16      779519      81.97   13.12       1518071     52.82   8.45        1772488     61.54   9.85        790888      54.97   8.80    
20      941555      79.21   15.84       1623139     45.18   9.04        1944062     54.00   10.80       1010865     56.21   11.24   
40      1403019     59.01   23.61       1814736     25.26   10.10       2165481     30.07   12.03       1361088     37.84   15.14   
80      1491735     31.37   25.10       2290765     15.94   12.75       3194804     22.18   17.75       1754005     24.38   19.51   
120     1848070     25.91   31.09       2346099     10.88   13.06       3120730     14.45   17.34       1629292     15.10   18.12   


# XEON, 256K, U100
ut  %linear scalability throughput  %linear scalability throughput  %linear scalability throughput  %linear scalability
1       48910       100.00  1           144015      100.00  1           142691      100.00  1           90191       100.00  1       
2       95822       97.96   1.96        307153      106.64  2.13        307501      107.75  2.16        136135      75.47   1.51    
4       189550      96.89   3.88        635775      110.37  4.41        634988      111.25  4.45        287834      79.78   3.19    
8       365134      93.32   7.47        1259750     109.34  8.75        1261904     110.55  8.84        483625      67.03   5.36    
16      664477      84.91   13.59       1423822     61.79   9.89        1614925     70.74   11.32       819582      56.79   9.09    
20      800162      81.80   16.36       1512679     52.52   10.50       1776486     62.25   12.45       944886      52.38   10.48   
40      1204113     61.55   24.62       1738708     30.18   12.07       2132120     37.36   14.94       1271424     35.24   14.10   
80      1458619     37.28   29.82       2246865     19.50   15.60       2948912     25.83   20.67       1439054     19.94   15.96   



