# -u0 -i2048 -d1000
#       ./bin/lf-ll_hybrid_harris_opt   ./bin/lf-ll_qsbr_harris_opt     ./bin/lf-ll_smr_no_membar_harris_opt./bin/lf-ll_smr_no_membar_igor_opt./bin/lf-ll_smr_lazy            ./bin/lf-ll_smr_harris_opt      
#cores  throughput  %linear scalability throughput  %linear scalability throughput  %linear scalability throughput  %linear scalability throughput  %linear scalability throughput  %linear scalability
1       243191      100.00  1           334020      100.00  1           243439      100.00  1           243574      100.00  1           244284      100.00  1           36993       100.00  1       
2       488967      100.53  2.01        668525      100.07  2.00        486497      99.92   2.00        486808      99.93   2.00        486596      99.60   1.99        75531       102.09  2.04    
4       966471      99.35   3.97        1339076     100.22  4.01        977774      100.41  4.02        969194      99.48   3.98        973558      99.63   3.99        151020      102.06  4.08    
8       1943104     99.88   7.99        2678677     100.24  8.02        1944100     99.82   7.99        1943378     99.73   7.98        1955651     100.07  8.01        300506      101.54  8.12    
16      3868517     99.42   15.91       5361115     100.31  16.05       3869567     99.35   15.90       3871471     99.34   15.89       3907143     99.96   15.99       597744      100.99  16.16   
32      7766159     99.80   31.93       10660813    99.74   31.92       7789129     99.99   32.00       7761912     99.58   31.87       7788024     99.63   31.88       1195673     101.01  32.32   
48      11688784    100.13  48.06       15972205    99.62   47.82       11660691    99.79   47.90       11648660    99.63   47.82       11680790    99.62   47.82       1802772     101.53  48.73  


#cores  throughput  %linear scalability throughput  %linear scalability throughput  %linear scalability throughput  %linear scalability throughput  %linear scalability throughput  %linear scalability
1       447820      100.00  1           619338      100.00  1           171354      100.00  1           375363      100.00  1           372287      100.00  1           58924       100.00  1       
2       923108      103.07  2.06        1220224     98.51   1.97        351045      102.43  2.05        706601      94.12   1.88        701671      94.24   1.88        136683      115.98  2.32    
4       1798245     100.39  4.02        2363246     95.39   3.82        713407      104.08  4.16        1351809     90.03   3.60        1343901     90.25   3.61        292496      124.10  4.96    
8       3422671     95.54   7.64        4058200     81.91   6.55        1384760     101.02  8.08        2375550     79.11   6.33        2435429     81.77   6.54        616324      130.75  10.46   
16      5829420     81.36   13.02       6700850     67.62   10.82       2551664     93.07   14.89       3678514     61.25   9.80        3645326     61.20   9.79        1145337     121.48  19.44   
32      8649708     60.36   19.32       10134037    51.13   16.36       3794569     69.20   22.14       4416272     36.77   11.77       4366948     36.66   11.73       1783717     94.60   30.27   
48      9270574     43.13   20.70       10300226    34.65   16.63       3664708     44.56   21.39       4029299     22.36   10.73       4033382     22.57   10.83       1999210     70.68   33.93  


#cores  throughput  %linear scalability throughput  %linear scalability throughput  %linear scalability throughput  %linear scalability throughput  %linear scalability throughput  %linear scalability
1       388229      100.00  1           432733      100.00  1           23418       100.00  1           314885      100.00  1           315826      100.00  1           76003       100.00  1       
2       700167      90.17   1.80        713703      82.46   1.65        48038       102.57  2.05        542995      86.22   1.72        550017      87.08   1.74        154597      101.70  2.03    
4       1208058     77.79   3.11        1232762     71.22   2.85        99403       106.12  4.24        886184      70.36   2.81        868030      68.71   2.75        293471      96.53   3.86    
8       2008003     64.65   5.17        2079512     60.07   4.81        198649      106.03  8.48        1151030     45.69   3.66        1214200     48.06   3.84        493486      81.16   6.49    
16      2987253     48.09   7.69        3112684     44.96   7.19        389260      103.89  16.62       1450241     28.79   4.61        1596728     31.60   5.06        659990      54.27   8.68    
32      3909565     31.47   10.07       4013500     28.98   9.27        720316      96.12   30.76       1554973     15.43   4.94        1677134     16.59   5.31        813180      33.44   10.70   
48      4001849     21.47   10.31       3759659     18.10   8.69        874998      77.84   37.36       1339665     8.86    4.25        1343653     8.86    4.25        785827      21.54   10.34 