#./bin/lf-ll_hybrid_harris_opt u0
#Elapsed  Throughput      Mops  AllocF Callbacks TotMemO
     1.0    11434915    11.435       0         0  130048
     2.0     9699276     9.699       0         0  130048
     3.0    11179427    11.179       0         0  130048
     4.0    11425329    11.425       0         0  130048
     5.0    11332524    11.333       0         0  130048
     6.0    10013130    10.013       0         0  130048
     7.0    11207800    11.208       0         0  130048
     8.0    11437011    11.437       0         0  130048
     9.0    11405189    11.405       0         0  130048
    10.0     9982086     9.982       0         0  130048
    11.0    10394411    10.394       0         0  130048
    12.0    10702754    10.703       0         0  130048
    13.0    10700483    10.700       0         0  130048
    14.0     9045320     9.045       0         0  130048
    15.0    10490351    10.490       0         0  130048
    16.0    10619096    10.619       0         0  130048
    17.0    10703940    10.704       0         0  130048
    18.0     9456557     9.457       0         0  130048
    19.0    10438980    10.439       0         0  130048
    20.0    10653253    10.653       0         0  130048
    21.0    11307409    11.307       0         0  130048
    22.0    10051309    10.051       0         0  130048
    23.0    11420892    11.421       0         0  130048
    24.0    11392073    11.392       0         0  130048
    25.0    11419976    11.420       0         0  130048
    26.0    10242889    10.243       0         0  130048
    27.0    11435253    11.435       0         0  130048
    28.0    11315324    11.315       0         0  130048
    29.0    11445080    11.445       0         0  130048
    30.0    10428970    10.429       0         0  130048
    31.0    10350796    10.351       0         0  130048
    32.0    10709329    10.709       0         0  130048
    33.0    10716853    10.717       0         0  130048
    34.0     9477727     9.478       0         0  130048
    35.0    10641962    10.642       0         0  130048
    36.0    10710665    10.711       0         0  130048
    37.0    10669892    10.670       0         0  130048
    38.0     9107320     9.107       0         0  130048
    39.0    10694521    10.695       0         0  130048
    40.0    10425985    10.426       0         0  130048
    41.0    11439494    11.439       0         0  130048
    42.0    10689582    10.690       0         0  130048
    43.0    11434967    11.435       0         0  130048
    44.0    11425051    11.425       0         0  130048
    45.0    11422297    11.422       0         0  130048
    46.0    10250827    10.251       0         0  130048
    47.0    11434493    11.434       0         0  130048
    48.0    11420758    11.421       0         0  130048
    49.0    11432293    11.432       0         0  130048
    50.0     9748836     9.749       0         0  130048
    51.0    10711792    10.712       0         0  130048
    52.0    10699758    10.700       0         0  130048
    53.0    10702912    10.703       0         0  130048
    54.0     9747808     9.748       0         0  130048
    55.0    10522571    10.523       0         0  130048
    56.0    10716537    10.717       0         0  130048
    57.0    10716685    10.717       0         0  130048
    58.0     9879150     9.879       0         0  130048
    59.0    10472797    10.473       0         0  130048
    60.0    10707210    10.707       0         0  130048


#./bin/lf-ll_hybrid_harris_opt u10
#Elapsed  Throughput      Mops  AllocF Callbacks TotMemO
     1.0     1052542     1.053       0     26171  130030
     2.0     1971366     1.971       0     49181  130032
     3.0     2299273     2.299       0     57126  130044
     4.0     2457951     2.458       0     61269  130079
     5.0     2711846     2.712       0     68176  130038
     6.0     2771266     2.771       0     69596  130069
     7.0     2868811     2.869       0     71614  130022
     8.0     2896099     2.896       0     72514  130012
     9.0     2877268     2.877       0     72106  130071
    10.0     2832380     2.832       0     71134  130028
    11.0     2677730     2.678       0        33  130072
    12.0     2553360     2.553      11         0  130015
    13.0     2643559     2.644       0         0  130057
    14.0     2252197     2.252       0         0  130060
    15.0     2254915     2.255       0         0  130038
    16.0     2023628     2.024       0         0  130054
    17.0     2080671     2.081       0         0  130066
    18.0     1973607     1.974       0         0  130089
    19.0     1990035     1.990       0         0  130069
    20.0     1935711     1.936       0         0  130052
    21.0     2306970     2.307       0     67154  130071
    22.0     2260192     2.260       0     56562  130048
    23.0     2250288     2.250       0     56215  130061
    24.0     2240612     2.241       0     55934  130048
    25.0     2260804     2.261       0     56628  130057
    26.0     2221071     2.221       0     55606  130037
    27.0     2229726     2.230       0     55802  130072
    28.0     2234915     2.235       0     55996  130014
    29.0     2235733     2.236       0     55823  130014
    30.0     2231160     2.231       0     55604  130062
    31.0     2100290     2.100       0        49  130046
    32.0     2140838     2.141      11         0  130051
    33.0     1922104     1.922       0         0  130054
    34.0     1940170     1.940       0         0  130008
    35.0     1918261     1.918       0         0  130079
    36.0     1926623     1.927       0         0  130064
    37.0     1930706     1.931       0         0  130088
    38.0     1913976     1.914       0         0  130049
    39.0     1925103     1.925       0         0  130046
    40.0     1917882     1.918       0         0  130069
    41.0     2245670     2.246       0     65706  130030
    42.0     2229099     2.229       0     55796  130070
    43.0     2237704     2.238       0     55856  130046
    44.0     2224648     2.225       0     55604  130063
    45.0     2230465     2.230       0     55878  130114
    46.0     2216164     2.216       0     55482  130071
    47.0     2214064     2.214       0     55773  130025
    48.0     2206364     2.206       0     55110  130094
    49.0     2209060     2.209       0     55010  130069
    50.0     2223847     2.224       0     55546  130075
    51.0     2082464     2.082       0        70  129999
    52.0     2137765     2.138      11         0  130059
    53.0     1912934     1.913       0         0  130020
    54.0     1909820     1.910       0         0  130041
    55.0     1943805     1.944       0         0  130047
    56.0     1906488     1.906       0         0  130050
    57.0     1944021     1.944       0         0  130041
    58.1     1908744     1.909       0         0  130048
    59.0     1942015     1.942       0         0  130005
    60.0     1906000     1.906       0         0  130086


#./bin/lf-ll_hybrid_harris_opt u100
#Elapsed  Throughput      Mops  AllocF Callbacks TotMemO
     1.0     1755776     1.756       0    437314  130045
     2.0     1826551     1.827       0    456804  130069
     3.0     1920361     1.920       0    480047  130015
     4.0     1946405     1.946       0    486591  130061
     5.0     1959795     1.960       0    490709  130033
     6.0     1963899     1.964       0    491552  130023
     7.0     1957019     1.957       0    489600  130047
     8.0     2016923     2.017       0    503499  130068
     9.0     2092897     2.093       0    523743  130061
    10.0     2141228     2.141       0    534944  130062
    11.0      853768     0.854      82       588  130049
    12.0      587827     0.588       0         0  130057
    13.0      579489     0.579       0         0  130013
    14.0      576612     0.577       0         0  130021
    15.0      575718     0.576       0         0  130044
    16.0      575528     0.576       0         0  130016
    17.0      576158     0.576       0         0  130044
    18.0      574254     0.574       0         0  130032
    19.0      572037     0.572       0         0  130047
    20.0      575903     0.576       0         0  130048
    21.0     1998271     1.998       0    526826  130051
    22.0     2000365     2.000       0    499985  130073
    23.0     2004110     2.004       0    500679  130059
    24.0     2003947     2.004       0    500239  130079
    25.0     2005008     2.005       0    501161  130057
    26.0     2003094     2.003       0    500405  130048
    27.0     1999803     2.000       0    500396  130057
    28.0     1999820     2.000       0    500001  129997
    29.0     2003717     2.004       0    501026  130026
    30.0     2005367     2.005       0    500671  130051
    31.0      758956     0.759     194       299  130039
    32.0      575829     0.576       0         0  130049
    33.0      574613     0.575       0         0  130030
    34.0      573063     0.573       0         0  130076
    35.0      572840     0.573       0         0  130060
    36.0      575563     0.576       0         0  130080
    37.0      573536     0.574       0         0  130067
    38.0      576639     0.577       0         0  130078
    39.0      576301     0.576       0         0  130063
    40.0      575926     0.576       0         0  130008
    41.0     1999261     1.999       0    526854  130045
    42.0     2007270     2.007       0    501500  130054
    43.0     2007857     2.008       0    501750  130034
    44.0     2000427     2.000       0    500147  129981
    45.0     2001669     2.002       0    499980  130081
    46.0     2002375     2.002       0    501123  130046
    47.0     2012046     2.012       0    503220  130079
    48.0     2007280     2.007       0    501844  130069
    49.0     2005348     2.005       0    501766  130032
    50.0     2008472     2.008       0    501538  130062
    51.0      724524     0.725     396       441  130055
    52.0      573921     0.574       0         0  130040
    53.0      575094     0.575       0         0  130058
    54.0      577186     0.577       0         0  130075
    55.0      576472     0.576       0         0  130026
    56.0      576184     0.576       0         0  130074
    57.0      576468     0.576       0         0  130025
    58.0      575477     0.575       0         0  130048
    59.0      575787     0.576       0         0  130046
    60.0      575603     0.576       0         0  130050


#./bin/lf-ll_hybrid_lazy u0
#Elapsed  Throughput      Mops  AllocF Callbacks TotMemO
     1.0    11391104    11.391       0         0  130048
     2.0    10619388    10.619       0         0  130048
     3.0    11621966    11.622       0         0  130048
     4.0    11694267    11.694       0         0  130048
     5.0    11031623    11.032       0         0  130048
     6.0    11364742    11.365       0         0  130048
     7.0    11718845    11.719       0         0  130048
     8.0    11739065    11.739       0         0  130048
     9.0    11111391    11.111       0         0  130048
    10.0    11150642    11.151       0         0  130048
    11.0    10986902    10.987       0         0  130048
    12.0    10990899    10.991       0         0  130048
    13.0    10102279    10.102       0         0  130048
    14.0    10147946    10.148       0         0  130048
    15.0    10919720    10.920       0         0  130048
    16.0    10941798    10.942       0         0  130048
    17.0    10452928    10.453       0         0  130048
    18.0    10517111    10.517       0         0  130048
    19.0    10878632    10.879       0         0  130048
    20.0    10992579    10.993       0         0  130048
    21.0    11357353    11.357       0         0  130048
    22.0    11194884    11.195       0         0  130048
    23.0    11741329    11.741       0         0  130048
    24.0    11703075    11.703       0         0  130048
    25.0    10618311    10.618       0         0  130048
    26.0    10792940    10.793       0         0  130048
    27.0    11722897    11.723       0         0  130048
    28.0    11732557    11.733       0         0  130048
    29.0    11145472    11.145       0         0  130048
    30.0    11171785    11.172       0         0  130048
    31.0    11004683    11.005       0         0  130048
    32.0    11002172    11.002       0         0  130048
    33.0    10457167    10.457       0         0  130048
    34.0    10404134    10.404       0         0  130048
    35.0    10968486    10.968       0         0  130048
    36.0    10991580    10.992       0         0  130048
    37.0    10206881    10.207       0         0  130048
    38.0     9841435     9.841       0         0  130047
    39.0    10908505    10.909       0         0  130047
    40.0    10826156    10.826       0         0  130047
    41.0    10876687    10.877       0         0  130047
    42.0    11260937    11.261       0         0  130047
    43.0    11658613    11.659       0         0  130047
    44.0    11644919    11.645       0         0  130047
    45.0    10789965    10.790       0         0  130047
    46.0    11011122    11.011       0         0  130047
    47.0    11602162    11.602       0         0  130047
    48.0    11528543    11.529       0         0  130047
    49.0    11128074    11.128       0         0  130047
    50.0    11206970    11.207       0         0  130047
    51.0    10765319    10.765       0         0  130047
    52.0    10912450    10.912       0         0  130047
    53.0    10512367    10.512       0         0  130047
    54.0    10539635    10.540       0         0  130047
    55.0    10919146    10.919       0         0  130047
    56.0    10908169    10.908       0         0  130047
    57.0    10049358    10.049       0         0  130047
    58.1    10065684    10.066       0         0  130047
    59.0    10837602    10.838       0         0  130047
    60.0    10898476    10.898       0         0  130047


#./bin/lf-ll_hybrid_lazy u10
#Elapsed  Throughput      Mops  AllocF Callbacks TotMemO
     1.0      933752     0.934       0     23332  130064
     2.0     1337546     1.338       0     33308  130058
     3.0     1864668     1.865       0     46741  130051
     4.0     2396321     2.396       0     59935  130060
     5.0     2543740     2.544       0     63222  130026
     6.0     2692327     2.692       0     67135  130074
     7.0     2667582     2.668       0     66671  130069
     8.0     2707403     2.707       0     68086  130056
     9.0     2781362     2.781       0     69177  130019
    10.0     2802535     2.803       0     70145  130080
    11.0     2566763     2.567       0        29  130047
    12.0     2948682     2.949      18         0  130034
    13.0     2789822     2.790       7         0  130075
    14.0     2770671     2.771       1         0  130027
    15.0     2507118     2.507       2         0  130067
    16.0     2574397     2.574      11         0  130051
    17.0     2406077     2.406       2         0  130048
    18.0     2467784     2.468       0         0  130028
    19.0     2332674     2.333       6         0  130052
    20.0     2367384     2.367       8         0  130013
    21.0     2442145     2.442       0    107614  130026
    22.0     2439404     2.439       0     61088  130075
    23.0     2449424     2.449       0     61252  130049
    24.0     2418748     2.419       0     60590  130048
    25.0     2425157     2.425       0     60614  130030
    26.0     2418638     2.419       0     60416  130051
    27.0     2403831     2.404       0     59950  130057
    28.0     2384573     2.385       0     59608  130013
    29.0     2382604     2.383       0     59811  130049
    30.0     2366125     2.366       0     59235  130068
    31.0     2203946     2.204       0        37  130056
    32.0     2202503     2.203      11         0  130038
    33.0     2192752     2.193      12         0  130023
    34.0     2186894     2.187       2         0  130036
    35.0     2180427     2.180       1         0  130049
    36.0     2166970     2.167       0         0  130016
    37.0     2171238     2.171       8         0  130067
    38.0     2157069     2.157       7         0  130017
    39.0     2166679     2.167       0         0  130041
    40.0     2163449     2.163       0         0  130065
    41.0     2280935     2.281       0    149469  130038
    42.0     2291068     2.291       0     57696  130072
    43.0     2290419     2.290       0     57167  130044
    44.0     2303430     2.303       0     57813  130075
    45.0     2288281     2.288       0     57137  130067
    46.0     2292933     2.293       0     57405  130060
    47.0     2286250     2.286       0     57217  130051
    48.0     2289552     2.290       0     57461  130065
    49.0     2278797     2.279       0     56709  130040
    50.0     2290428     2.290       0     57243  130049
    51.0     2122155     2.122       0        12  130009
    52.1     2106230     2.106      11         0  130063
    53.0     2132484     2.132       5         0  130086
    54.0     2125807     2.126       9         0  130091
    55.0     2143477     2.143       1         0  130040
    56.0     2122417     2.122       0         0  130055
    57.0     2145758     2.146       5         0  130041
    58.0     2149501     2.150       9         0  130068
    59.0     2134233     2.134       1         0  130013
    60.0     2151802     2.152       2         0  130023


#./bin/lf-ll_hybrid_lazy u100
#Elapsed  Throughput      Mops  AllocF Callbacks TotMemO
     1.0     1822065     1.822       0    454217  130034
     2.0     2026270     2.026       0    506221  130059
     3.0     2104252     2.104       0    526037  130047
     4.0     2175472     2.175       0    543463  130057
     5.0     2208557     2.209       0    551244  130025
     6.0     2198014     2.198       0    549531  130040
     7.0     2240026     2.240       0    559759  130071
     8.0     2276651     2.277       0    569142  130058
     9.0     2228017     2.228       0    556790  130046
    10.0     2225159     2.225       0    556609  130065
    11.0     2092708     2.093    1183       575  130021
    12.0     1865462     1.865     195         0  130062
    13.0     1855400     1.855     166         0  130027
    14.0     1854252     1.854     178         0  130035
    15.0     1853476     1.853     282         0  130080
    16.0     1852454     1.852     402         0  130036
    17.0     1850331     1.850     553         0  130069
    18.0     1839619     1.840     645         0  130051
    19.0     1848172     1.848     541         0  130052
    20.0     1857157     1.857     310         0  130077
    21.0     2007852     2.008      22    606491  130050
    22.0     2027612     2.028       0    507386  130071
    23.0     2024246     2.024       0    505587  130057
    24.0     2025029     2.025       0    506776  130057
    25.0     2023054     2.023       0    505846  130068
    26.0     2026795     2.027       0    506569  130034
    27.0     2029476     2.029       0    507517  130041
    28.0     2020447     2.020       0    505798  130052
    29.0     2021696     2.022       0    505450  130049
    30.0     2028773     2.029       0    506642  130039
    31.0     1860747     1.861     300       438  130075
    32.0     1848510     1.849     406         0  130015
    33.0     1840120     1.840     762         0  130056
    34.0     1835891     1.836     873         0  130035
    35.0     1838907     1.839     917         0  130079
    36.0     1833818     1.834    1175         0  130028
    37.0     1835165     1.835    1090         0  130058
    38.0     1833747     1.834    1295         0  130030
    39.0     1822075     1.822    1425         0  130042
    40.0     1818076     1.818    1890         0  130068
    41.0     2007856     2.008      34    602497  130058
    42.0     2026406     2.026       0    506839  130049
    43.0     2026089     2.026       0    507191  130069
    44.0     2026995     2.027       0    506196  130057
    45.0     2024706     2.025       0    506548  130021
    46.0     2021698     2.022       0    505301  130029
    47.0     2023397     2.023       0    506226  130043
    48.0     2025793     2.026       0    506483  130061
    49.0     2029880     2.030       0    508103  130078
    50.0     2023435     2.023       0    505555  130054
    51.0     1805629     1.806    3878       427  130024
    52.0     1787277     1.787    4113         0  130042
    53.0     1785594     1.786    4143         0  130073
    54.0     1783340     1.783    4101         0  130014
    55.0     1768635     1.769    5014         0  130075
    56.0     1763392     1.763    5537         0  130055
    57.0     1770832     1.771    5359         0  130046
    58.0     1773499     1.773    4793         0  130083
    59.0     1774111     1.774    4475         0  130026
    60.0     1787448     1.787    3899         0  130050
