#         INTERR       NO-INT       SMR FIRST 128    QSBR FIRST 128   NO-INT-128
#Elapsed  Throughput   Throughput   Throughput       Throughput       Throughput            
     1.0     1441573      1518682      2342970          1590098        1425221            
     2.0     2467546      2795314      2467482          2752039        2489982                       
     3.0     2822825      2916704      2446507          3054048        2889588                       
     4.0     2881069      3016013      2408689          3163279        3083672                       
     5.0     2911062      3019556      2401925          3233891        3097565                       
     6.0     2954383      3023371      2406560          3236003        3078452                       
     7.0     3003970      3066997      2394264          3284350        3141931                       
     8.0     3103159      3087538      2384091          3329458        3190695                       
     9.0     3071318      3121014      2357238          3296360        3240726                       
    10.0     3111066      3108645      2353689          3306486        3244445                       
    11.0     3035605      3135673      2665737          3451164        3203296                       
    12.0     2559380      3141772      2664736          2961376        3178543                       
    13.0     2449633      3121993      2658826          2805655        3154635                       
    14.0     2448462      3077494      2644385          2683963        3139566                       
    15.0     2444735      3102434      2640296          2610088        3147390                       
    16.0     2427945      3063589      2653686          2530585        3146365                       
    17.0     2433223      3066311      2629345          2502403        3100567                       
    18.0     2442786      3069286      2626113          2461489        3130186                       
    19.0     2435741      3055190      2639088          2435963        3155083                       
    20.0     2447120      3015980      2649239          2407545        3118241                       
    21.0     2904087      2986398      2489206          2728871        3104727                       
    22.0     2869536      2952285      2303487          2683774        3100364                       
    23.0     2867136      2961216      2301093          2693914        3140441                       
    24.0     2869370      2966467      2305609          2668809        3173826                       
    25.0     2878997      2972128      2318224          2682332        3171233                       
    26.0     2866597      2964943      2322600          2664037        3162128                       
    27.0     2846309      2979607      2309592          2649821        3131418                       
    28.0     2869497      2956797      2296143          2651302        3132193                       
    29.0     2847862      2970297      2295329          2641174        3133500                       
    30.0     2875360      2961896      2314314          2650436        3169176                       
    31.0     2548837      2947571      2634466          2563234        3194117                       
    32.0     2459793      2949370      2615196          2339540        3198064                       
    33.0     2455457      2949791      2640511          2340949        3222467                       
    34.0     2462566      2987423      2626331          2364003        3227455                       
    35.0     2458432      2984691      2638742          2312282        3219445                       
    36.0     2471284      3029223      2640473          2321706        3228608                       
    37.0     2469134      3057061      2629439          2327010        3235018                       
    38.0     2436409      3080806      2618842          2311261        3290077                       
    39.0     2453332      3087815      2632406          2321587        3239695                       
    40.0     2469134      3046886      2640890          2320676        3278609                       
    41.0     2910286      2985038      2533383          2633104        3285070                       
    42.0     2922745      2997327      2356162          2652250        3292695                       
    43.0     2912412      3006202      2320042          2658139        3275005                       
    44.0     2905775      3027330      2336125          2647179        3282648                       
    45.0     2919288      3004516      2338326          2653230        3290561                       
    46.0     2899373      2996258      2332143          2634331        3275658                       
    47.0     2904430      3026752      2325671          2653354        3296242                       
    48.0     2882712      3008240      2328849          2635696        3308426                       
    49.0     2901976      2993400      2330246          2643959        3273605                       
    50.0     2906683      3007198      2335249          2643227        3262204                       
    51.0     2532143      3003120      2652435          2531763        3292969                       
    52.0     2442727      3011924      2644503          2336467        3288614                       
    53.0     2425708      3015253      2662450          2329426        3280788                       
    54.0     2420301      3009764      2650199          2324399        3272075                       
    55.0     2403052      3005625      2657928          2332629        3298376                       
    56.0     2414132      2999447      2659572          2349259        3272812                       
    57.0     2440054      3041222      2646472          2318748        3279265                       
    58.0     2431001      3037490      2667388          2328603        3297454                       
    59.0     2384054      3051897      2638400          2315370        3250995                       
    60.1     2381019      3047464      2650794          2336028        3261790                       
    61.0     2886979      3092103      2531778          2643046        3264286                       
    62.0     2903657      3059139      2329359          2649609        3273947                       
    63.0     2879391      3072551      2338306          2639218        3265115                       
    64.0     2877462      3043658      2327269          2649040        3243079                       
    65.0     2880057      3050953      2318284          2641073        3232454                       
    66.0     2886725      3038715      2316357          2650879        3257342                       
    67.0     2879241      3032226      2335179          2646313        3249915                       
    68.0     2905484      3059053      2329294          2672168        3231358                       
    69.0     2888637      3056586      2330359          2641384        3209112                       
    70.0     2887819      3034473      2324027          2658190        3231497                       
    71.0     2439116      3043161      2650383          2479812        3206952                       
    72.0     2434053      3047408      2661114          2327575        3199724                       
    73.0     2432254      3082140      2665189          2329108        3220448                       
    74.0     2449090      3100246      2645298          2302145        3186073                       
    75.0     2449129      3102971      2631547          2317500        3175411                       
    76.0     2463437      3108575      2677253          2329901        3165807                       
    77.0     2460018      3094025      2652551          2331214        3170713                       
    78.0     2474157      3088656      2644873          2313030        3192659                       
    79.0     2464690      3100191      2643712          2311291        3175223                       
    80.0     2459187      3099088      2647448          2328587        3155583                       
    81.0     2891204      3068305      2514557          2641078        3175907                       
    82.0     2901541      3049117      2320198          2664673        3187105                       
    83.0     2914619      3048732      2318674          2653733        3184266                       
    84.0     2922550      3061111      2313080          2637575        3184122                       
    85.1     2901038      3064181      2313729          2651045        3160453                       
    86.0     2901526      3040453      2324854          2664176        3177387                       
    87.0     2887677      3053357      2309717          2664271        3153048                       
    88.0     2887765      3046323      2317631          2664630        3163869                       
    89.1     2911915      3058304      2327864          2655479        3183576                       
    90.0     2883410      3024257      2316311          2649592        3184606                       
    91.0     2466626      3054251      2630606          2466156        3185096                       
    92.0     2444120      3039906      2649031          2322768        3173209                       
    93.0     2451536      3043092      2648463          2328250        3178670                       
    94.0     2449810      3030592      2640684          2330463        3193714                       
    95.0     2452183      3044949      2629127          2330101        3190468                       
    96.0     2461215      3005809      2664967          2320754        3178844                       
    97.0     2454700      3024632      2662511          2333851        3189603                       
    98.0     2436944      3013945      2650802          2323440        3188041                       
    99.0     2420583      3004647      2631456          2327657        3205929                       
   100.1     2430822      2998332      2646934          2310514        3185072                       

Throughput 
 1425221     
 2489982     
 2889588     
 3083672     
 3097565     
 3078452     
 3141931     
 3190695     
 3240726     
 3244445     
 3203296     
 3178543     
 3154635     
 3139566     
 3147390     
 3146365     
 3100567     
 3130186     
 3155083     
 3118241     
 3104727     
 3100364     
 3140441     
 3173826     
 3171233     
 3162128     
 3131418     
 3132193     
 3133500     
 3169176     
 3194117     
 3198064     
 3222467     
 3227455     
 3219445     
 3228608     
 3235018     
 3290077     
 3239695     
 3278609     
 3285070     
 3292695     
 3275005     
 3282648     
 3290561     
 3275658     
 3296242     
 3308426     
 3273605     
 3262204     
 3292969     
 3288614     
 3280788     
 3272075     
 3298376     
 3272812     
 3279265     
 3297454     
 3250995     
 3261790     
 3264286     
 3273947     
 3265115     
 3243079     
 3232454     
 3257342     
 3249915     
 3231358     
 3209112     
 3231497     
 3206952     
 3199724     
 3220448     
 3186073     
 3175411     
 3165807     
 3170713     
 3192659     
 3175223     
 3155583     
 3175907     
 3187105     
 3184266     
 3184122     
 3160453     
 3177387     
 3153048     
 3163869     
 3183576     
 3184606     
 3185096     
 3173209     
 3178670     
 3193714     
 3190468     
 3178844     
 3189603     
 3188041     
 3205929     
 3185072  
