#       ./bin/lf-ll_qsbr_harris_opt     ./bin/lf-ll_smr_lazy            ./bin/lf-ll_smr_no_membar_harris_opt./bin/lf-ll_smr_harris_opt      ./bin/lf-ll_hybrid_harris_opt   
#cores  throughput  %linear scalability throughput  %linear scalability throughput  %linear scalability throughput  %linear scalability throughput  %linear scalability
1       759630      100.00  1           378126      100.00  1           721847      100.00  1           88285       100.00  1           696628      100.00  1       
2       1481927     97.54   1.95        745745      98.61   1.97        1472527     102.00  2.04        176829      100.15  2.00        1429439     102.60  2.05    
4       2955655     97.27   3.89        1463384     96.75   3.87        2881625     99.80   3.99        345879      97.94   3.92        2915123     104.62  4.18    
8       5216408     85.84   6.87        2994175     98.98   7.92        5752452     99.61   7.97        418889      59.31   4.74        5799838     104.07  8.33    
16      11819216    97.24   15.56       5545900     91.67   14.67       9285923     80.40   12.86       719277      50.92   8.15        11611032    104.17  16.67   
32      23726212    97.61   31.23       7641142     63.15   20.21       9646996     41.76   13.36       1307163     46.27   14.81       19291085    86.54   27.69   
40      28806740    94.81   37.92       9366763     61.93   24.77       13750101    47.62   19.05       1885972     53.41   21.36       21029860    75.47   30.19   
80      28645866    47.14   37.71       12270868    40.56   32.45       18791980    32.54   26.03       2118942     30.00   24.00       26142187    46.91   37.53   
120     32120834    35.24   42.28       16619585    36.63   43.95       27426105    31.66   37.99       2293657     21.65   25.98       30377973    36.34   43.61   
