#       ./bin/lf-ll_qsbr_harris_opt     ./bin/lf-ll_smr_lazy            ./bin/lf-ll_smr_no_membar_harris_opt./bin/lf-ll_smr_harris_opt      ./bin/lf-ll_hybrid_harris_opt   
#cores  throughput  %linear scalability throughput  %linear scalability throughput  %linear scalability throughput  %linear scalability throughput  %linear scalability
1       703009      100.00  1           337805      100.00  1           290930      100.00  1           87841       100.00  1           432613      100.00  1       
2       391672      27.86   0.56        594973      88.06   1.76        406387      69.84   1.40        144990      82.53   1.65        450935      52.12   1.04    
4       428333      15.23   0.61        1188245     87.94   3.52        940809      80.84   3.23        287064      81.70   3.27        759725      43.90   1.76    
8       702241      12.49   1.00        1313650     48.61   3.89        1550628     66.62   5.33        549757      78.23   6.26        1098746     31.75   2.54    
16      743412      6.61    1.06        2063245     38.17   6.11        2154946     46.29   7.41        666324      47.41   7.59        1830364     26.44   4.23    
32      3230561     14.36   4.60        2423052     22.42   7.17        2334221     25.07   8.02        1108536     39.44   12.62       2770159     20.01   6.40    
40      3867505     13.75   5.50        2714617     20.09   8.04        2503363     21.51   8.60        1388903     39.53   15.81       2870784     16.59   6.64    
80      2882428     5.13    4.10        2931635     10.85   8.68        2801611     12.04   9.63        2060181     29.32   23.45       3166673     9.15    7.32    
120     3421128     4.06    4.87        2202076     5.43    6.52        2864747     8.21    9.85        2330988     22.11   26.54       2561398     4.93    5.92 