#       ./bin/lf-ll_qsbr_harris_opt     ./bin/lf-ll_smr_lazy            ./bin/lf-ll_smr_no_membar_harris_opt./bin/lf-ll_smr_harris_opt      ./bin/lf-ll_hybrid_harris_opt   
#cores  throughput  %linear scalability throughput  %linear scalability throughput  %linear scalability throughput  %linear scalability throughput  %linear scalability
1       630025      100.00  1           320206      100.00  1           49199       100.00  1           90043       100.00  1           131256      100.00  1       
2       351698      27.91   0.56        566964      88.53   1.77        95575       97.13   1.94        134640      74.76   1.50        211772      80.67   1.61    
4       438472      17.40   0.70        1100454     85.92   3.44        189454      96.27   3.85        284298      78.93   3.16        390768      74.43   2.98    
8       702605      13.94   1.12        1136942     44.38   3.55        353845      89.90   7.19        451994      62.75   5.02        620735      59.11   4.73    
16      2198131     21.81   3.49        1396546     27.26   4.36        635457      80.73   12.92       764383      53.06   8.49        1020894     48.61   7.78    
32      2867594     14.22   4.55        1719467     16.78   5.37        1056330     67.10   21.47       1035532     35.94   11.50       1718798     40.92   13.10   
40      2843321     11.28   4.51        1871877     14.61   5.85        1205738     61.27   24.51       1272183     35.32   14.13       1885099     35.91   14.36   
80      2646680     5.25    4.20        2040814     7.97    6.37        1242257     31.56   25.25       1515975     21.05   16.84       2976559     28.35   22.68   
120     3313111     4.38    5.26        2142229     5.58    6.69        1593937     27.00   32.40       1918134     17.75   21.30       3335399     21.18   25.41  