# XEON, 1024*1024K, U0
#       ./bin/lf-ll_smr_no_membar_harris_opt ./bin/lf-ll_smr_no_membar_igor_opt ./bin/lf-ll_smr_lazy            
#cores  throughput  %linear scalability throughput  %linear scalability throughput  %linear scalability
1       730054      100.00  1           710705      100.00  1           756149      100.00  1       
2       1458054     99.86   2.00        1442060     101.45  2.03        1483727     98.11   1.96    
4       2802188     95.96   3.84        2849740     100.24  4.01        2907054     96.11   3.84    
8       5819899     99.65   7.97        5753762     101.20  8.10        5742577     94.93   7.59    
16      10275604    87.97   14.08       8774005     77.16   12.35       10396597    85.93   13.75   
20      14044434    96.19   19.24       10801469    75.99   15.20       10491829    69.38   13.88   
32      10228777    43.78   14.01       11129918    48.94   15.66       10090506    41.70   13.34   
40      12147740    41.60   16.64       12400373    43.62   17.45       12386157    40.95   16.38   
80      17658589    30.24   24.19       15768575    27.73   22.19       18030850    29.81   23.85   
120     24737640    28.24   33.88       24752245    29.02   34.83       23668238    26.08   31.30  


# XEON, 1024*1024K, U10
#       ./bin/lf-ll_smr_no_membar_harris_opt ./bin/lf-ll_smr_no_membar_igor_opt ./bin/lf-ll_smr_lazy
#cores  throughput  %linear scalability throughput  %linear scalability throughput  %linear scalability
1       293717      100.00  1           415459      100.00  1           422508      100.00  1       
2       412688      70.25   1.41        429487      51.69   1.03        483693      57.24   1.14    
4       954380      81.23   3.25        1142400     68.74   2.75        1165949     68.99   2.76    
8       1482569     63.10   5.05        1608089     48.38   3.87        1488637     44.04   3.52    
16      2234531     47.55   7.61        2070819     31.15   4.98        2352429     34.80   5.57    
20      2448274     41.68   8.34        2716706     32.70   6.54        2716962     32.15   6.43    
32      2693477     28.66   9.17        2840812     21.37   6.84        2817801     20.84   6.67    
40      2734586     23.28   9.31        2763666     16.63   6.65        2664415     15.77   6.31    
80      3521119     14.99   11.99       2695424     8.11    6.49        3290677     9.74    7.79    
120     3324382     9.43    11.32       3447451     6.91    8.30        3541888     6.99    8.38 


# XEON, 1024*1024K, U50
#       ./bin/lf-ll_smr_no_membar_harris_opt ./bin/lf-ll_smr_no_membar_igor_opt ./bin/lf-ll_smr_lazy
#cores  throughput  %linear scalability throughput  %linear scalability throughput  %linear scalability
1       91835       100.00  1           385461      100.00  1           392307      100.00  1       
2       177282      96.52   1.93        564607      73.24   1.46        586611      74.76   1.50    
4       350800      95.50   3.82        1098488     71.25   2.85        1139706     72.63   2.91    
8       625800      85.18   6.81        1268005     41.12   3.29        1240025     39.51   3.16    
16      1058488     72.04   11.53       1557711     25.26   4.04        1680949     26.78   4.28    
20      1262458     68.74   13.75       1879314     24.38   4.88        1958371     24.96   4.99    
32      1598456     54.39   17.41       1878263     15.23   4.87        2178670     17.35   5.55    
40      1841161     50.12   20.05       2061919     13.37   5.35        2348516     14.97   5.99    
80      2243656     30.54   24.43       2334238     7.57    6.06        2334553     7.44    5.95    
120     2609609     23.68   28.42       2501293     5.41    6.49        2833604     6.02    7.22


# XEON, 1024*1024K, U80
#       ./bin/lf-ll_smr_no_membar_harris_opt ./bin/lf-ll_smr_no_membar_igor_opt ./bin/lf-ll_smr_lazy
#cores  throughput  %linear scalability throughput  %linear scalability throughput  %linear scalability
1       60093       100.00  1           381046      100.00  1           387257      100.00  1       
2       116948      97.31   1.95        554408      72.75   1.45        576082      74.38   1.49    
4       233124      96.98   3.88        1072361     70.36   2.81        1110763     71.71   2.87    
8       431350      89.73   7.18        1164260     38.19   3.06        1195605     38.59   3.09    
16      775392      80.65   12.90       1386087     22.73   3.64        1508460     24.35   3.90    
20      940966      78.29   15.66       1540265     20.21   4.04        1747516     22.56   4.51    
32      1217272     63.30   20.26       1707909     14.01   4.48        1977375     15.96   5.11    
40      1450647     60.35   24.14       1820734     11.95   4.78        2138514     13.81   5.52    
80      1678233     34.91   27.93       2093734     6.87    5.49        2468945     7.97    6.38    
120     2034558     28.21   33.86       2211174     4.84    5.80        2459701     5.29    6.35  


# XEON, 1024*1024K, U100
#       ./bin/lf-ll_smr_no_membar_harris_opt ./bin/lf-ll_smr_no_membar_igor_opt ./bin/lf-ll_smr_lazy
#cores  throughput  %linear scalability throughput  %linear scalability throughput  %linear scalability
1       49226       100.00  1           378568      100.00  1           386811      100.00  1       
2       95707       97.21   1.94        547675      72.34   1.45        570558      73.75   1.48    
4       190058      96.52   3.86        1057575     69.84   2.79        1097224     70.91   2.84    
8       356185      90.45   7.24        1142617     37.73   3.02        1192801     38.55   3.08    
16      658855      83.65   13.38       1268841     20.95   3.35        1421489     22.97   3.67    
20      806427      81.91   16.38       1417781     18.73   3.75        1662523     21.49   4.30    
32      1077630     68.41   21.89       1570985     12.97   4.15        1802087     14.56   4.66    
40      1242430     63.10   25.24       1706532     11.27   4.51        1918019     12.40   4.96    
80      1662543     42.22   33.77       1697145     5.60    4.48        2206161     7.13    5.70    
120     1779365     30.12   36.15       2104115     4.63    5.56        2330794     5.02    6.03   