# XEON, 1024*1024K, U0
# ./bin/lf-ll_smr_no_membar_harris_opt  ./bin/lf-ll_smr_no_membar_igor_opt
#cores  throughput  %linear scalability throughput  %linear scalability
1       728314      100.00  1           721054      100.00  1       
2       1341237     92.08   1.84        1459892     101.23  2.02    
4       2879633     98.85   3.95        2918721     101.20  4.05    
8       5738872     98.50   7.88        5764105     99.92   7.99    
16      9879641     84.78   13.57       9893221     85.75   13.72   
20      11210643    76.96   15.39       11300777    78.36   15.67   
32      10151899    43.56   13.94       9251566     40.10   12.83   
40      11753873    40.35   16.14       12653889    43.87   17.55   
80      18402199    31.58   25.27       15494419    26.86   21.49   
120     22439238    25.67   30.81       24281780    28.06   33.68   


# XEON, 1024*1024K, U10
# ./bin/lf-ll_smr_no_membar_harris_opt  ./bin/lf-ll_smr_no_membar_igor_opt
#cores  throughput  %linear scalability throughput  %linear scalability
1       294110      100.00  1           415770      100.00  1       
2       415513      70.64   1.41        438670      52.75   1.06    
4       949254      80.69   3.23        1094122     65.79   2.63    
8       1464788     62.26   4.98        1606527     48.30   3.86    
16      2034763     43.24   6.92        2267239     34.08   5.45    
20      2495992     42.43   8.49        2660953     32.00   6.40    
32      2598973     27.61   8.84        2628798     19.76   6.32    
40      2807894     23.87   9.55        3053462     18.36   7.34    
80      3428960     14.57   11.66       3311084     9.95    7.96    
120     3506685     9.94    11.92       3263486     6.54    7.85 


# XEON, 1024*1024K, U50
# ./bin/lf-ll_smr_no_membar_harris_opt  ./bin/lf-ll_smr_no_membar_igor_opt
#cores  throughput  %linear scalability throughput  %linear scalability
1       91646       100.00  1           384701      100.00  1       
2       176753      96.43   1.93        567510      73.76   1.48    
4       347874      94.90   3.80        1105726     71.86   2.87    
8       625153      85.27   6.82        1253263     40.72   3.26    
16      1073792     73.23   11.72       1506273     24.47   3.92    
20      1293867     70.59   14.12       1826500     23.74   4.75    
32      1663000     56.71   18.15       2024149     16.44   5.26    
40      1825522     49.80   19.92       2051375     13.33   5.33    
80      2287879     31.21   24.96       2505238     8.14    6.51    
120     2336954     21.25   25.50       2635394     5.71    6.85  


# XEON, 1024*1024K, U100
# ./bin/lf-ll_smr_no_membar_harris_opt  ./bin/lf-ll_smr_no_membar_igor_opt
#cores  throughput  %linear scalability throughput  %linear scalability
1       48962       100.00  1           380206      100.00  1       
2       96018       98.05   1.96        547425      71.99   1.44    
4       189663      96.84   3.87        1056680     69.48   2.78    
8       355287      90.70   7.26        1146038     37.68   3.01    
16      659266      84.16   13.46       1234711     20.30   3.25    
20      808148      82.53   16.51       1425142     18.74   3.75    
32      1069511     68.26   21.84       1561627     12.84   4.11    
40      1216058     62.09   24.84       1704602     11.21   4.48    
80      1689509     43.13   34.51       2104229     6.92    5.53    
120     1996187     33.98   40.77       2107984     4.62    5.54 