#Hybrid                             #QSBR                        #SMR                   #Hybrid new
#Elapsed  Throughput      Mops      Throughput      Mops        Throughput      Mops   Throughput      Mops     
     1.0     2266676     2.267         1032927     1.033          2349361     2.349       1943953     1.944 
     2.0     3167478     3.167         2069109     2.069          2347859     2.348       3008958     3.009 
     3.0     3222916     3.223         2760673     2.761          2351937     2.352       3132331     3.132 
     4.0     3262804     3.263         2916919     2.917          2368512     2.369       3210923     3.211 
     5.0     3258054     3.258         3043053     3.043          2354211     2.354       3251880     3.252 
     6.0     3235911     3.236         3069103     3.069          2377067     2.377       3300604     3.301 
     7.0     3274411     3.274         3154378     3.154          2388732     2.389       3317947     3.318 
     8.0     3277535     3.278         3156037     3.156          2390975     2.391       3274717     3.275 
     9.0     3291554     3.292         3173252     3.173          2394294     2.394       3303916     3.304 
    10.0     3294780     3.295         3163752     3.164          2370676     2.371       3364980     3.365 
    11.0     2995755     2.996         0           0.0          2279515     2.280         2777273     2.777 
    12.0     2606666     2.607         0           0.0             2251196     2.251      2479315     2.479     
    13.0     2497835     2.498         0           0.0          2281062     2.281         2420098     2.420 
    14.0     2481222     2.481         0           0.0           2280658     2.281        2424481     2.424 
    15.0     2477247     2.477         0           0.0          2303895     2.304         2413110     2.413 
    16.0     2474442     2.474         0           0.0             2298370     2.298      2416303     2.416     
    17.0     2475276     2.475         0           0.0          2311788     2.312         2404051     2.404 
    18.0     2487709     2.488         0           0.0           2305891     2.306        2406374     2.406 
    19.0     2492089     2.492         0           0.0          2296378     2.296         2389057     2.389 
    20.0     2486752     2.487         0           0.0          2300718     2.301         2374233     2.374 
    21.0     2860441     2.860         0           0.0          2436466     2.436         2770451     2.770 
    22.0     2874350     2.874         0           0.0             2439784     2.440      2728960     2.729     
    23.0     2873822     2.874         0           0.0          2441298     2.441         2749287     2.749 
    24.0     2859522     2.860         0           0.0           2462895     2.463        2756962     2.757 
    25.0     2865887     2.866         0           0.0          2457779     2.458         2740116     2.740 
    26.0     2864315     2.864         0           0.0             2473503     2.474      2734384     2.734     
    27.0     2879402     2.879         0           0.0          2465465     2.465         2723728     2.724 
    28.0     2858254     2.858         0           0.0           2478346     2.478        2757469     2.757 
    29.0     2859197     2.859         0           0.0          2461534     2.462         2737021     2.737 
    30.0     2867381     2.867         0           0.0            2470538     2.471       2728578     2.729 
    31.0     2591429     2.591         0           0.0          2359593     2.360         2476422     2.476 
    32.0     2546371     2.546         0           0.0             2359616     2.360      2397808     2.398     
    33.0     2542678     2.543         0           0.0          2368940     2.369         2420077     2.420 
    34.0     2541210     2.541         0           0.0           2368415     2.368        2416342     2.416 
    35.0     2539527     2.540         0           0.0          2368787     2.369         2423986     2.424 
    36.0     2550349     2.550         0           0.0             2358897     2.359      2423439     2.423     
    37.0     2550264     2.550         0           0.0          2338039     2.338         2445813     2.446 
    38.0     2541845     2.542         0           0.0           2351969     2.352        2462762     2.463 
    39.0     2542186     2.542         0           0.0          2340830     2.341         2455564     2.456 
    40.0     2532201     2.532         0           0.0          2305141     2.305         2435614     2.436 
    41.0     2919715     2.920         0           0.0          2412142     2.412         2811014     2.811 
    42.0     2941541     2.942         0           0.0             2434490     2.434      2804830     2.805     
    43.0     2930487     2.930         0           0.0          2433645     2.434         2806806     2.807 
    44.0     2925397     2.925         0           0.0           2449771     2.450        2810315     2.810 
    45.0     2917525     2.918         0           0.0          2465688     2.466         2807975     2.808 
    46.0     2918964     2.919         0           0.0             2455630     2.456      2800884     2.801     
    47.0     2936898     2.937         0           0.0          2450561     2.451         2812470     2.812 
    48.0     2934841     2.935         0           0.0           2401174     2.401        2785694     2.786 
    49.0     2921894     2.922         0           0.0          2406951     2.407         2797344     2.797 
    50.0     2953793     2.954         0           0.0          2416876     2.417         2804353     2.804 
    51.0     2578002     2.578         0           0.0          2286968     2.287         2438148     2.438 
    52.0     2493146     2.493         0           0.0             2297886     2.298      2406595     2.407     
    53.0     2493765     2.494         0           0.0          2280321     2.280         2400020     2.400 
    54.0     2497189     2.497         0           0.0           2299606     2.300        2411557     2.412 
    55.0     2470228     2.470         0           0.0          2304717     2.305         2441520     2.442 
    56.0     2505477     2.505         0           0.0             2304078     2.304      2440851     2.441     
    57.0     2495092     2.495         0           0.0          2306809     2.307         2439021     2.439 
    58.0     2491785     2.492         0           0.0           2298534     2.299        2454341     2.454 
    59.0     2513826     2.514         0           0.0          2297745     2.298         2455174     2.455 
    60.0     2527270     2.527         0           0.0            2329714     2.330       2446770     2.447 