#n20                                                                    #n16            
#Elapsed  Throughput      Mops Callbacks     Throughput  Limbo count Callbacks
     1.0     1370776     1.371     34250         920852          118     22917
     2.0     2419450     2.419     60798        1378264          122     34692
     3.0     2712369     2.712     67890        1897745          124     47435
     4.0     2815113     2.815     70340        2073178          106     51763
     5.0     2876092     2.876     71878        2231922          102     55750
     6.0     2877626     2.878     72156        2294020          111     57103
     7.0     2904794     2.905     72668        2327492          117     58301
     8.0     2960856     2.961     74193        2428382          103     61083
     9.0     2993242     2.993     74903        2543825          115     63659
    10.0     3051366     3.051     76482        2571354           98     64110
    11.0     3717970     3.718        36        2658342        66657        17
    12.0     3807971     3.808         0        2690738       134056         0
    13.0     3824984     3.825         0        2630248       199738         0
    14.0     3359944     3.360         0        2678616        12770         0
    15.0     2909703     2.910         0        2566029        12987         0
    16.0     2694730     2.695         0        2348099        11238         0
    17.0     2584672     2.585         0        2352949        11727         0
    18.0     2594222     2.594         0        2210903        10616         0
    19.0     2508295     2.508         0        2071532        10324         0
    20.0     2485192     2.485         0        2113961        10573         0
    21.0     2760285     2.760     80994        2569794          111     74545
    22.0     2778914     2.779     69032        2434439           89     60959
    23.0     2735205     2.735     68413        2335439           91     58333
    24.0     2720544     2.721     68246        2442593          107     61057
    25.0     2646067     2.646     66210        2501623          111     62627
    26.0     2649717     2.650     66378        2374859           88     59266
    27.0     2679800     2.680     66964        2357769           96     58569
    28.0     2634732     2.635     66125        2471241          105     61706
    29.0     2633577     2.634     66028        2430520          126     60797
    30.0     2594080     2.594     64746        2356610          115     59096
    31.0     2507128     2.507         0        2244602        56134        25
    32.0     2495764     2.496         0        2290602       113487         0
    33.0     2485069     2.485         0        2260503       169679         0
    34.0     2480755     2.481         0        2761992        14529         0
    35.0     2419334     2.419         0        2206127         9992         0
    36.0     2262230     2.262         0        2043005        10200         0
    37.0     2298302     2.298         0        2073816        10279         0
    38.0     2273633     2.274         0        2026467        10021         0
    39.0     2315387     2.315         0        2371813        10877         0
    40.0     2328728     2.329         0        2042999        10470         0
    41.0     2557589     2.558     76219        2427400           90     70929
    42.0     2580933     2.581     64486        2395216          112     59614
    43.0     2579594     2.580     64185        2711597          114     67822
    44.0     2610865     2.611     65487        2390114          102     59929
    45.0     2639618     2.640     65752        2425574           93     60752
    46.0     2538547     2.539     63066        2408554           94     60070
    47.0     2570429     2.570     64172        2648257          118     65955
    48.0     2560727     2.561     64062        2393505           87     60057
    49.0     2630496     2.630     65847        2437172          102     60857
    50.0     2631304     2.631     65953        2391228           93     59616
    51.0     2435636     2.436        62        2435631        60889        15
    52.0     2460053     2.460         0        2272105       117691         0
    53.0     2447084     2.447         0        2270922       174301         0
    54.0     2483864     2.484         0        2281701       231327         0
    55.0     2388582     2.389         0        2016489        10083         0
    56.0     2279025     2.279         0        2075003        10352         0
    57.0     2273830     2.274         0        2024632        10209         0
    58.0     2249242     2.249         0        2191837        10653         0
    59.0     2255751     2.256         0        2061198        10367         0
    60.0     2259720     2.260         0        2045350        10300         0
    61.0     2595744     2.596     75954        2400644           94     70112
    62.0     2579653     2.580     64470        2522005           96     63033
    63.0     2534130     2.534     63348        2482027          106     61808
    64.0     2547939     2.548     63786        2417377          116     60529
    65.0     2580675     2.581     64607        2408037          117     60014
    66.0     2585633     2.586     64769        2459010          120     61535
    67.0     2590172     2.590     64562        2503008          105     62603
    68.0     2534381     2.534     63163        2411451           94     60388
    69.0     2550938     2.551     63600        2417284          102     60366
    70.0     2577296     2.577     64512        2392559          132     60051
    71.0     2460689     2.461        49        2358541        59103        63
    72.0     2456021     2.456         0        2267249       116075         0
    73.0     2423733     2.424         0        2261604       172663         0
    74.0     2439252     2.439         0        2241708       228435         0
    75.0     2394598     2.395         0        1998701        10032         0
    76.0     2247583     2.248         0        2041236        10259         0
    77.0     2234505     2.235         0        2035697        10247         0
    78.0     2226092     2.226         0        2082901        10872         0
    79.1     2261899     2.262         0        2121053        10145         0
    80.0     2287811     2.288         0        2029927        10472         0
    81.0     2563752     2.564     75762        2395452           96     70037
    82.0     2536142     2.536     63364        2397626          111     59850
    83.0     2551942     2.552     63684        2523001          110     63167
    84.0     2585613     2.586     64643        2386278          114     59797
    85.0     2586917     2.587     64730        2426411          109     60533
    86.0     2578013     2.578     64693        2398622           95     60173
    87.0     2552236     2.552     63887        2485956          110     62460
    88.1     2558831     2.559     64082        2410534           90     60237
    89.0     2589369     2.589     65037        2402071          137     60240
    90.0     2587579     2.588     65008        2400147           91     59783
    91.0     2454279     2.454        45        2313683        57809        43
    92.0     2428044     2.428         0        2279117       114848         0
    93.0     2454889     2.455         0        2247079       171147         0
    94.0     2452816     2.453         0        2278551       228049         0
    95.0     2339465     2.339         0        2042155        10358         0
    96.0     2276959     2.277         0        2043039        10045         0
    97.0     2268169     2.268         0        2018907        10341         0
    98.0     2242752     2.243         0        2115674        10445         0
    99.0     2264884     2.265         0        2054934        10476         0
   100.0     2287371     2.287         0        2066058         7674         0

