#Elapsed  Throughput      Mops  Allocate fail Limbo count
     1.0      945790     0.946              0          68
     2.0     1058021     1.058              0          47
     3.0     1122512     1.123              0          60
     4.0     1225587     1.226              0          60
     5.0     1372992     1.373              0          54
     6.0     1391406     1.391              0          74
     7.0     1416411     1.416              0          70
     8.0     1710303     1.710              0          63
     9.0     1974719     1.975              0          66
    10.0     2048700     2.049              0          70
    11.0     1859506     1.860              0       46116
    12.0     1796470     1.796              0       91265
    13.0     1804495     1.804             11        8627
    14.0     1922034     1.922              0        9358
    15.0     1856333     1.856              0        9285
    16.0     1814181     1.814              0        9128
    17.0     1791926     1.792              0        8979
    18.0     1768715     1.769              0        8861
    19.0     1697066     1.697              0        8404
    20.0     1684481     1.684              0        8319
    21.0     2143687     2.144              0          53
    22.0     2062417     2.062              0          76
    23.0     1998987     1.999              0          59
    24.0     1969169     1.969              0          65
    25.0     1918943     1.919              0          69
    26.0     1917291     1.917              0          65
    27.0     1881672     1.882              0          79
    28.0     1878154     1.878              0          52
    29.0     1869233     1.869              0          72
    30.0     1815049     1.815              0          54
    31.0     1641160     1.641              0       40904
    32.0     1619825     1.620              0       81575
    33.0     1637146     1.637              0      122393
    34.0     1540737     1.541             11        7276
    35.0     1443184     1.443              0        7312
    36.0     1428654     1.429              0        7281
    37.0     1451989     1.452              0        7204
    38.0     1451314     1.451              0        7146
    39.0     1436467     1.436              0        7335
    40.0     1441443     1.441              0        7276
    41.0     1820034     1.820              0          77
    42.0     1794579     1.795              0          54
    43.0     1792691     1.793              0          57
    44.0     1775309     1.775              0          48
    45.0     1811829     1.812              0          57
    46.0     1775642     1.776              0          66
    47.0     1743041     1.743              0          65
    48.0     1775914     1.776              0          66
    49.0     1784001     1.784              0          62
    50.0     1774358     1.774              0          76
    51.0     1570704     1.571              0       39321
    52.0     1608110     1.608              0       79692
    53.0     1561266     1.561              0      118721
    54.1     1511129     1.511             11        6806
    55.0     1392907     1.393              0        7091
    56.0     1421435     1.421              0        7012
    57.0     1396026     1.396              0        6974
    58.0     1420444     1.420              0        7077
    59.0     1400751     1.401              0        6998
    60.0     1409728     1.410              0        6930
    61.0     1742789     1.743              0          55
    62.0     1772454     1.772              0          71
    63.0     1731162     1.731              0          56
    64.0     1776482     1.776              0          64
    65.0     1757070     1.757              0          60
    66.0     1754476     1.754              0          64
    67.0     1754902     1.755              0          70
    68.0     1762273     1.762              0          72
    69.0     1753119     1.753              0          67
    70.0     1734570     1.735              0          54
    71.0     1595967     1.596              0       39908
    72.0     1570984     1.571              0       79231
    73.0     1585055     1.585              0      118862
    74.0     1471054     1.471             11        7123
    75.0     1401988     1.402              0        7073
    76.0     1393737     1.394              0        6920
    77.0     1412397     1.412              0        7082
    78.0     1395680     1.396              0        6846
    79.0     1413509     1.414              0        7125
    80.0     1389513     1.390              0        6973
    81.0     1768950     1.769              0          63
    82.0     1741322     1.741              0          66
    83.0     1747869     1.748              0          69
    84.0     1746082     1.746              0          70
    85.0     1754553     1.755              0          66
    86.0     1749837     1.750              0          59
    87.0     1739833     1.740              0          83
    88.0     1780025     1.780              0          67
    89.0     1763932     1.764              0          62
    90.0     1749019     1.749              0          55
    91.0     1565367     1.565              0       39252
    92.0     1587604     1.588              0       78946
    93.0     1570784     1.571              0      118037
    94.0     1483431     1.483             11        6963
    95.0     1389569     1.390              0        6960
    96.0     1406750     1.407              0        7081
    97.0     1393972     1.394              0        6988
    98.0     1404984     1.405              0        7002
    99.0     1397017     1.397              0        7042
   100.0     1409115     1.409              0        3462
