#n2                              n4                     n8                      n16                   n20                    n40
#Elapsed  ThroughputLimbo count  Throughput Limbo coun Throughput Limbo countt  Throughput Limbo coun Throughput Limbo count  Throughput Limbo count
     1.0      411546          9      475562          18     760195          43    1054687         143    1949520         142     4079104         271
     2.0      409591         13      483964          30     812901          40    1815741         105    3007944         123     3578777         253
     3.0      386095         14      481407          20     838318          56    2163876         121    3043623         117     3470831         250
     4.0      397974         11      496045          25     866764          66    2298577         102    3109800         135     3418700         253
     5.0      390436          8      497022          28     906306          64    2428243         101    3104591         144     3392661         268
     6.0      393184         11      516249          25     923459          48    2429749         117    3037049         132     3365679         255
     7.0      392086          6      508959          28     931902          57    2457045         100    2996041         139     3332232         247
     8.0      402418         17      504622          29     931151          38    2406805          89    2958762         128     3340913         265
     9.0      398617          8      507056          24    1022957          51    2499328         115    2908227         124     3299132         264
    10.0      396831         18      503612          26    1139140          50    2472698         106    2942500         124     3334746         259
    11.0      445566      11194      649463       16254    1441071       36215    2318863       58008    3337507       82937     5050686      126198
    12.0      330448       1301      633755       32134    1440460       72287    2466360      119477    3357769      166906     5407179      261475
    13.0      264947       1307      665348        3542    1443298        7359    2499635      181813    3726040      260104     5675834      403400
    14.0      257793       1325      757196        3853    1669218        8259    2634786       13314    3368234       15861     5067225       20637
    15.0      254512       1250      758537        3843    1650649        8397    2584952       12721    2973737       14305     3751853       17669
    16.0      256317       1340      742612        3839    1596287        8067    2472679       11568    2734739       13689     3520614       17041
    17.0      249102       1238      739395        3708    1597205        7852    2215805       10750    2612496       13042     3272364       16035
    18.0      247018       1245      730408        3692    1561385        7663    2236706       10843    2560710       13170     3167179       15706
    19.0      240904       1190      722572        3646    1509786        7630    2082482       10120    2524905       12510     2961750       13570
    20.0      241493       1151      724989        3605    1488922        7452    2068293       10550    2491689       12370     3050943       14956
    21.0      633381         18     1212843          25    1919675          60    2484414          99    2825009         136     3219963         244
    22.0      630782         10     1241963          31    1902428          50    2459364         116    2778044         129     3155693         253
    23.0      612137         15     1160907          25    1807232          43    2372928          78    2783775         117     3141249         248
    24.0      596751         16     1188220          29    1781941          38    2359264          87    2731765         123     3081019         242
    25.0      581986         10     1126212          29    1814655          40    2468418         111    2711251         104     3122981         244
    26.0      588698         11     1168029          25    1765428          56    2424902         104    2695261         126     3075608         256
    27.0      568191          9     1117718          20    1736551          48    2347849         101    2696717         132     3163565         259
    28.0      577672         13     1127092          25    1715877          60    2384703         102    2701416         145     3099134         237
    29.0      575009         12     1120668          31    1690488          44    2453629         110    2661953         126     3076128         267
    30.0      568236         10     1086928          29    1666446          43    2417885          90    2637098         124     2995950         226
    31.0      285950       7141      827338       20797    1469679       36693    2234302       55913    2507734       62645     2958285       74286
    32.0      275348      14009      807287       41015    1447791       72924    2237283      111539    2522365      125583     2888270      146374
    33.0      231241       1086      678779        3296    1418715        6603    2294984      168843    2511512      188416     3037796      222299
    34.0      220200       1156      646376        3297    1211605        6062    2529533       10735    2492827      251131     3016188      297703
    35.0      221168       1113      647881        3198    1239328        6223    2090829       10275    2418631       11590     2976367      372205
    36.0      220957       1088      633990        3188    1232991        6141    2066413       10202    2303606       11568     2912216       13153
    37.0      216771       1098      635818        3150    1221222        6192    2032493       10229    2298820       11518     2749325       13575
    38.0      220507       1047      641734        3178    1208612        6052    2042876       10601    2318616       11644     2825077       13832
    39.0      218645       1085      631323        3128    1216305        5974    2131276       10231    2327531       11819     2807833       13994
    40.0      219957       1096      632725        3171    1197928        6024    2067712       10122    2311356       11766     2849756       14728
    41.0      558016          9     1066214          20    1580450          49    2386384         110    2615325         107     2937065         285
    42.0      538074         16     1046685          25    1578045          52    2358617         131    2604279         114     2905788         292
    43.0      547782         15     1052741          21    1581050          56    2471477          84    2626661         137     2903066         272
    44.0      533207         12     1057452          22    1578616          59    2438600         103    2625331         126     2814061         288
    45.0      541659          7     1060760          25    1577191          44    2402467         101    2625778         140     2963341         235
    46.0      541862          7     1056505          19    1566766          43    2364784         109    2607433         119     2935152         252
    47.0      531890          8     1043690          27    1569627          46    2449633         124    2611281         125     2977196         286
    48.0      537313         12     1054699          25    1551826          39    2429523         117    2621844         124     2865299         306
    49.0      528892         15     1039835          23    1561932          46    2410690         100    2606734         130     2870472         258
    50.0      539780         15     1047001          26    1565465          64    2371787         121    2619961         124     2876784         248
    51.0      268801       6668      785835       19620    1349138       33768    2275770       57289    2458724       61826     2828725       70938
    52.0      263879      13310      771760       38948    1364020       67876    2278341      113983    2482761      123931     2908041      143507
    53.0      227833       1091      702440        3181    1364843      101901    2270062      170858    2496431      186383     2869829      215143
    54.0      212377       1049      625710        3082    1226998        5817    2212928       10813    2474797      248492     2890126      287161
    55.0      214224       1056      632952        3177    1174319        5862    2022533       10328    2363021       11515     2781202      356909
    56.0      214329       1101      632927        3112    1187688        5892    2067467       10355    2286348       11571     2778925      426503
    57.0      209875       1035      623541        3091    1196149        6126    2058513       10424    2316095       11655     2675438       13643
    58.1      213741       1060      631217        3229    1183714        6002    2067011       10619    2282709       11309     2670146       13224
    59.0      212475       1080      629718        3109    1182084        5830    2067023       10353    2270455       11279     2626940       13320
    60.0      212510       1054      626919        3144    1181152        5879    2039973       10298    2317630       11433     2721727       13894
    61.0      525549         16     1045173          39    1573010          44    2431830         107    2641312         118     2893238         238
    62.0      534635         10     1040722          19    1539823          55    2422429         122    2611054         110     2950969         250
    63.0      533807         14     1027937          17    1556204          51    2443102         116    2623108         140     2880723         231
    64.0      527949         10     1051363          26    1568292          49    2423229          97    2604031         144     2810895         278
    65.0      527993         11     1028395          26    1544808          46    2440031          92    2624648         141     2796474         260
    66.0      521202          9     1039166          29    1548055          52    2406517          95    2636185         140     2744418         249
    67.0      532660         10     1032966          16    1548130          33    2440926         107    2633559         130     2813595         268
    68.0      531001         18     1024797          29    1542179          57    2395965         105    2615217         125     2872370         242
    69.0      528741         17     1030486          28    1547002          44    2427563         105    2592577         136     2933061         258
    70.1      524307         14     1024779          25    1543281          47    2403363          99    2622424         139     2863493         268
    71.0      257218       6397      769720       19200    1380490       34486    2296578       57716    2486174       62226     2776289       69913
    72.0      260303      12889      765996       38307    1353454       68223    2238125      113960    2496161      124710     2751277      138446
    73.0      229497       1066      678856        3086    1350665      102008    2286787      170914    2496883      186973     2695404      205745
    74.0      213768       1066      615516        3057    1217202        5914    2173239       10249    2483893      249003     2754249      274478
    75.0      210877        983      620163        3076    1182721        5676    2039713       10230    2373863       11689     2815114      344882
    76.0      209281       1048      621503        3078    1182918        5905    2058684       10320    2304361       11653     2852096      416217
    77.0      211501       1045      617897        3091    1189700        5939    2027653       10112    2307742       11426     2691379       13631
    78.0      215692       1042      622587        3148    1177555        5893    2085267       10348    2300157       11636     2700795       13767
    79.0      212000       1058      616689        3040    1181751        6000    2040182       10018    2290660       11777     2703624       13427
    80.1      213484       1034      615734        3179    1178065        5857    2058360       10189    2325614       11668     2650312       13287
    81.0      538901         14     1019277          23    1560911          69    2390659         103    2630653         135     2731602         257
    82.0      515806         15     1005131          23    1534999          44    2433139         134    2629805         132     2749653         252
    83.0      530201         16     1020074          21    1542509          46    2403113          96    2627566         119     2810135         249
    84.0      523074         15     1002337          24    1557109          63    2410625          97    2667999          96     2785636         261
    85.0      519392         21     1011379          23    1532774          53    2421538         101    2643392         122     2803650         277
    86.0      539014         14     1022670          15    1542658          59    2397799         110    2672198         116     2836403         280
    87.0      533308          9     1020800          31    1554375          51    2399528          87    2642099         111     2778436         291
    88.0      526441         10     1023112          19    1539662          40    2394180         109    2658481         138     2694328         242
    89.0      534842         15     1019384          21    1532022          47    2419809         127    2657758         143     2747557         241
    90.0      517499          9     1003361          18    1563477          44    2413571         113    2655054         133     2803269         275
    91.0      264189       6541      762925       18878    1376164       34532    2282429       57348    2511550       62990     2727634       68352
    92.0      267251      13205      757181       37814    1342051       67995    2250303      113676    2513152      125792     2766644      137386
    93.0      225548       1077      677067        3041    1343830      101588    2266451      170529    2522946      188926     2790640      207284
    94.0      213115       1052      607568        2991    1204422        5874    2182958       10322    2529421      251981     2744667      275678
    95.0      208186       1081      609824        3038    1175805        5769    2032931       10146    2377229       11719     2709230      343197
    96.0      212065       1097      610869        3013    1182699        5872    2039456       10232    2332360       11735     2676236      410108
    97.0      211135       1047      607974        3116    1186327        5969    2040944       10209    2342185       11616     2596453       13246
    98.0      211548       1090      613308        3058    1182119        5867    2052447       10155    2372435       11959     2616787       12907
    99.0      210100       1091      619185        3121    1180870        5713    2037813       10310    2340712       11674     2593922       13141
   100.0      206395         92      610912        1493    1173264        3666     2041163        813    2346119        7437     2654417        6456
