#Elapsed  Throughput      Mops  Allocate fail
     1.0     1238102     1.238              0
     2.0     2349126     2.349              0
     3.0     2725551     2.726              0
     4.0     2918243     2.918              0
     5.0     3038729     3.039              0
     6.0     3045371     3.045              0
     7.0     3088293     3.088              0
     8.0     3172971     3.173              0
     9.0     3241004     3.241              0
    10.0     3207981     3.208              0
    11.0     3084013     3.084             11
    12.0     2587602     2.588              0
    13.0     2499037     2.499              0
    14.0     2423831     2.424              0
    15.0     2428385     2.428              0
    16.0     2426685     2.427              0
    17.0     2425101     2.425              0
    18.0     2431907     2.432              0
    19.0     2435711     2.436              0
    20.0     2415847     2.416              0
    21.0     2848690     2.849              0
    22.0     2854530     2.855              0
    23.0     2845207     2.845              0
    24.0     2845324     2.845              0
    25.0     2850003     2.850              0
    26.0     2846929     2.847              0
    27.0     2841691     2.842              0
    28.0     2835255     2.835              0
    29.0     2834238     2.834              0
    30.0     2816257     2.816              0
    31.0     2847898     2.848              0
    32.0     2818763     2.819              0
    33.0     2817977     2.818              0
    34.0     2828729     2.829              0
    35.0     2831630     2.832              0
    36.0     2838222     2.838              0
    37.0     2834340     2.834              0
    38.0     2836803     2.837              0
    39.0     2824560     2.825              0
    40.0     2820423     2.820              0
    41.0     2825085     2.825              0
    42.0     2822869     2.823              0
    43.0     2826131     2.826              0
    44.0     2831663     2.832              0
    45.0     2835529     2.836              0
    46.0     2819098     2.819              0
    47.0     2823715     2.824              0
    48.0     2814682     2.815              0
    49.0     2820650     2.821              0
    50.0     2828028     2.828              0
    51.0     2819408     2.819              0
    52.0     2814028     2.814              0
    53.0     2815772     2.816              0
    54.0     2819592     2.820              0
    55.0     2805040     2.805              0
    56.0     2828635     2.829              0
    57.0     2831910     2.832              0
    58.0     2800103     2.800              0
    59.0     2838361     2.838              0
    60.0     2810018     2.810              0
    61.0     2830592     2.831              0
    62.0     2817413     2.817              0
    63.0     2816006     2.816              0
    64.0     2826806     2.827              0
    65.0     2823573     2.824              0
    66.0     2820245     2.820              0
    67.0     2821569     2.822              0
    68.0     2828906     2.829              0
    69.0     2832530     2.833              0
    70.0     2825500     2.825              0
    71.0     2823427     2.823              0
    72.0     2821197     2.821              0
    73.0     2820382     2.820              0
    74.0     2815138     2.815              0
    75.0     2809908     2.810              0
    76.0     2798201     2.798              0
    77.0     2806028     2.806              0
    78.0     2813177     2.813              0
    79.0     2811762     2.812              0
    80.0     2820804     2.821              0
    81.0     2811068     2.811              0
    82.0     2815094     2.815              0
    83.0     2828401     2.828              0
    84.0     2813767     2.814              0
    85.0     2827251     2.827              0
    86.0     2822261     2.822              0
    87.0     2807866     2.808              0
    88.0     2817498     2.817              0
    89.0     2828374     2.828              0
    90.0     2832148     2.832              0
    91.0     2844103     2.844              0
    92.0     2813029     2.813              0
    93.0     2827862     2.828              0
    94.0     2838185     2.838              0
    95.0     2838034     2.838              0
    96.0     2834324     2.834              0
    97.0     2808013     2.808              0
    98.0     2834000     2.834              0
    99.0     2824621     2.825              0
   100.0     2834360     2.834              0
