# u10 n20 x60 i1024
# XEON 128K
#         hybrid      hybrid-lazy
#Elapsed  Throughput  Throughput  
     1.0     1554819     1862742  
     2.0     2716829     2808085  
     3.0     2985382     2951475  
     4.0     3041767     2992352  
     5.0     3108476     3035732  
     6.0     3041501     3068759  
     7.0     2994986     3010503  
     8.0     2978484     2959498  
     9.0     2975205     2973007  
    10.0     2975000     2957117  
    11.0     3048775     3588839  
    12.0     2653377     2844804  
    13.0     2473880     2686949  
    14.0     2410826     2609617  
    15.0     2365436     2561363  
    16.0     2336001     2570084  
    17.0     2324952     2520895  
    18.0     2291560     2498214  
    19.0     2264907     2481890  
    20.0     2246502     2478774  
    21.0     2585039     2577362  
    22.0     2555179     2564220  
    23.0     2546112     2603518  
    24.0     2558234     2593038  
    25.0     2540012     2579086  
    26.0     2533606     2551794  
    27.0     2531920     2566325  
    28.0     2547842     2568883  
    29.0     2535671     2546160  
    30.0     2550765     2564736  
    31.0     2458975     2443133  
    32.0     2228758     2438381  
    33.0     2215134     2450079  
    34.0     2238537     2425333  
    35.0     2239351     2433800  
    36.0     2219053     2443146  
    37.0     2214102     2426700  
    38.0     2211220     2433049  
    39.0     2222096     2429457  
    40.0     2213854     2431863  
    41.0     2518581     2551361  
    42.0     2541955     2557139  
    43.0     2539637     2551748  
    44.0     2535891     2558559  
    45.0     2544260     2545872  
    46.0     2533912     2559209  
    47.0     2551666     2552105  
    48.0     2523336     2569429  
    49.0     2557426     2547577  
    50.0     2535917     2554441  
    51.0     2375556     2455081  
    52.0     2218985     2438322  
    53.0     2221208     2420631  
    54.0     2220540     2424598  
    55.0     2227971     2432315  
    56.0     2218090     2420938  
    57.0     2218720     2421617  
    58.0     2225941     2403825  
    59.0     2214739     2419123  
    60.0     2213183     2429649  


# u100 n20 x60 i1024
# XEON 512K
#         hybrid      hybrid-lazy
#Elapsed  Throughput  Throughput
     1.0     2048162     1995343
     2.0     2146552     2080213
     3.0     2211577     2157319
     4.0     2284359     2234580
     5.0     2288016     2294258
     6.0     2293613     2309296
     7.0     2336393     2337697
     8.0     2346349     2362991
     9.0     2347907     2373524
    10.0     2335985     2366519
    11.0     1593656     2688484
    12.0      750009     2254085
    13.0      738713     2258572
    14.0      731372     2267045
    15.0      730387     2287982
    16.0      730270     2301549
    17.0      727437     2320137
    18.0      724186     2324187
    19.0      724110     2343782
    20.0      724007     2343058
    21.0     2355766     2503637
    22.0     2371298     2550459
    23.0     2384040     2551801
    24.0     2409665     2557980
    25.0     2443044     2561522
    26.0     2474392     2556447
    27.0     2492862     2560880
    28.0     2506970     2554257
    29.0     2517185     2555761
    30.0     2526529     2555990
    31.0     1444413     2401897
    32.0      725520     2340403
    33.0      725931     2353666
    34.0      724768     2347493
    35.0      725825     2346930
    36.0      725608     2352897
    37.0      725426     2349740
    38.0      724908     2336437
    39.0      725399     2342557
    40.0      726025     2351050
    41.0     2524327     2508592
    42.0     2533831     2550233
    43.0     2532884     2549682
    44.0     2533350     2556529
    45.0     2533465     2553849
    46.0     2529755     2556276
    47.0     2533857     2556248
    48.0     2530663     2556645
    49.0     2525690     2549976
    50.0     2530655     2558841
    51.0     1396612     2389459
    52.0      725109     2338080
    53.0      724567     2356239
    54.1      722567     2343657
    55.0      724739     2350335
    56.0      726145     2342743
    57.0      725340     2340899
    58.0      723976     2341391
    59.0      723678     2353658
    60.0      725443     2342237

#Elapsed  Throughput  
     1.0     1995343  
     2.0     2080213  
     3.0     2157319  
     4.0     2234580  
     5.0     2294258  
     6.0     2309296  
     7.0     2337697  
     8.0     2362991  
     9.0     2373524  
    10.0     2366519  
    11.0     2688484  
    12.0     2254085  
    13.0     2258572  
    14.0     2267045  
    15.0     2287982  
    16.0     2301549  
    17.0     2320137  
    18.0     2324187  
    19.0     2343782  
    20.0     2343058  
    21.0     2503637  
    22.0     2550459  
    23.0     2551801  
    24.0     2557980  
    25.0     2561522  
    26.0     2556447  
    27.0     2560880  
    28.0     2554257  
    29.0     2555761  
    30.0     2555990  
    31.0     2401897  
    32.0     2340403  
    33.0     2353666  
    34.0     2347493  
    35.0     2346930  
    36.0     2352897  
    37.0     2349740  
    38.0     2336437  
    39.0     2342557  
    40.0     2351050  
    41.0     2508592  
    42.0     2550233  
    43.0     2549682  
    44.0     2556529  
    45.0     2553849  
    46.0     2556276  
    47.0     2556248  
    48.0     2556645  
    49.0     2549976  
    50.0     2558841  
    51.0     2389459  
    52.0     2338080  
    53.0     2356239  
    54.0     2343657  
    55.0     2350335  
    56.0     2342743  
    57.0     2340899  
    58.0     2341391  
    59.0     2353658  
    60.0     2342237  
