# normal: 0, 1, 2, ...
#       ./bin/lf-ll_hybrid_harris_opt   ./bin/lf-ll_qsbr_harris_opt     ./bin/lf-ll_smr_no_membar_harris_opt
#cores  throughput  %linear scalability throughput  %linear scalability throughput  %linear scalability
1       432474      100.00  1           412464      100.00  1           266076      100.00  1       
2       343680      39.73   0.79        325516      39.46   0.79        395562      74.33   1.49    
4       448529      25.93   1.04        436420      26.45   1.06        929881      87.37   3.49    
8       715399      20.68   1.65        678797      20.57   1.65        1473934     69.24   5.54    
16      747552      10.80   1.73        716811      10.86   1.74        2551481     59.93   9.59    
20      709415      8.20    1.64        715940      8.68    1.74        2646142     49.73   9.95    
40      4166242     24.08   9.63        2990427     18.13   7.25        2962937     27.84   11.14   
80      3323483     9.61    7.68        3076370     9.32    7.46        3039246     14.28   11.42 

# hyperthreads: 0,1,..9,20,21,..,29,10,..
#       ./bin/lf-ll_hybrid_harris_opt   ./bin/lf-ll_qsbr_harris_opt     ./bin/lf-ll_smr_no_membar_harris_opt
#cores  throughput  %linear scalability throughput  %linear scalability throughput  %linear scalability
1       426929      100.00  1           418429      100.00  1           266502      100.00  1       
2       338259      39.62   0.79        329313      39.35   0.79        391130      73.38   1.47    
4       452842      26.52   1.06        431783      25.80   1.03        927092      86.97   3.48    
8       709855      20.78   1.66        708449      21.16   1.69        1608418     75.44   6.04    
16      1042618     15.26   2.44        999313      14.93   2.39        1994399     46.77   7.48    
20      1218728     14.27   2.85        1154916     13.80   2.76        2113219     39.65   7.93    
40      3604907     21.11   8.44        2912537     17.40   6.96        2964453     27.81   11.12   
80      3188737     9.34    7.47        3245999     9.70    7.76        3267762     15.33   12.26

# alternate: 0,10,1,11...
#       ./bin/lf-ll_hybrid_harris_opt   ./bin/lf-ll_qsbr_harris_opt     ./bin/lf-ll_smr_no_membar_harris_opt
#cores  throughput  %linear scalability throughput  %linear scalability throughput  %linear scalability
1       432554      100.00  1           418374      100.00  1           266158      100.00  1       
2       154999      17.92   0.36        153133      18.30   0.37        194251      36.49   0.73    
4       208362      12.04   0.48        205692      12.29   0.49        361066      33.91   1.36    
8       371692      10.74   0.86        338061      10.10   0.81        1407318     66.09   5.29    
16      554198      8.01    1.28        577295      8.62    1.38        2158446     50.69   8.11    
20      665040      7.69    1.54        677146      8.09    1.62        2670388     50.17   10.03   
40      4133532     23.89   9.56        4822618     28.82   11.53       2696712     25.33   10.13   
80      3173864     9.17    7.34        3157795     9.43    7.55        2957702     13.89   11.11   
  