# 3-Nov u10 i2048
#       ./bin/lf-ll_qsbr_hart           ./bin/lf-ll_hybrid              ./bin/lf-ll_smr_no_membar       
#cores  throughput  %linear scalability throughput  %linear scalability throughput  %linear scalability
1       470972      100.00  1           454742      100.00  1           285344      100.00  1       
2       604791      64.21   1.28        605516      66.58   1.33        562066      98.49   1.97    
4       1265040     67.15   2.69        1294750     71.18   2.85        1142060     100.06  4.00    
8       1547432     41.07   3.29        1576581     43.34   3.47        1605424     70.33   5.63    
16      2279030     30.24   4.84        2320107     31.89   5.10        2297111     50.31   8.05    
20      2803509     29.76   5.95        2604542     28.64   5.73        2811549     49.27   9.85    
40      3037773     16.13   6.45        2970627     16.33   6.53        2851101     24.98   9.99    
80      2761525     7.33    5.86        2834704     7.79    6.23        2544112     11.14   8.92  


# 18-Nov u10 i2048
#       ./bin/lf-ll_qsbr_harris_opt     ./bin/lf-ll_smr_no_membar_harris_opt
#cores  throughput  %linear scalability throughput  %linear scalability
1       416242      100.00  1           266201      100.00  1       
2       346296      41.60   0.83        388337      72.94   1.46    
4       486218      29.20   1.17        928432      87.19   3.49    
8       880756      26.45   2.12        1431974     67.24   5.38    
16      1847784     27.75   4.44        2153958     50.57   8.09    
20      2728863     32.78   6.56        2573778     48.34   9.67    
40      3609058     21.68   8.67        2603560     24.45   9.78    
80      2741894     8.23    6.59        2931760     13.77   11.01


# 18-Nov u100 i2048
#       ./bin/lf-ll_qsbr_harris_opt     ./bin/lf-ll_smr_no_membar_harris_opt
#cores  throughput  %linear scalability throughput  %linear scalability
1       395621      100.00  1           46275       100.00  1       
2       511293      64.62   1.29        93252       100.76  2.02    
4       1129396     71.37   2.85        186556      100.79  4.03    
8       1324124     41.84   3.35        352010      95.09   7.61    
16      1945504     30.73   4.92        644238      87.01   13.92   
20      2305528     29.14   5.83        794713      85.87   17.17   
40      2817191     17.80   7.12        1215633     65.67   26.27   
80      3160409     9.99    7.99        1417419     38.29   30.63   


# 14-Jan; QUIESCENCE-THRESHOLD 1000; u10 i2048
#       ./bin/lf-ll_hybrid_harris_opt   ./bin/lf-ll_qsbr_harris_opt     ./bin/lf-ll_smr_no_membar_harris_opt
#cores  throughput  %linear scalability throughput  %linear scalability throughput  %linear scalability
1       423388      100.00  1           415680      100.00  1           265109      100.00  1       
2       357312      42.20   0.84        332114      39.95   0.80        383162      72.26   1.45    
4       511873      30.22   1.21        487215      29.30   1.17        923737      87.11   3.48    
8       850656      25.11   2.01        889147      26.74   2.14        1765635     83.25   6.66    
16      2153730     31.79   5.09        2041798     30.70   4.91        2013773     47.48   7.60    
20      3226200     38.10   7.62        2875207     34.58   6.92        2654875     50.07   10.01   
40      3319407     19.60   7.84        3836049     23.07   9.23        3026010     28.54   11.41   
80      3046332     8.99    7.20        3175237     9.55    7.64        3309695     15.61   12.48  