# 14-Jan; QUIESCENCE-THRESHOLD 1000
# u0
#       ./bin/lf-ll_hybrid_harris_opt   ./bin/lf-ll_qsbr_harris_opt     ./bin/lf-ll_smr_no_membar_harris_opt
#cores  throughput  %linear scalability throughput  %linear scalability throughput  %linear scalability
1       238788      100.00  1           333988      100.00  1           243346      100.00  1       
2       487165      102.01  2.04        667445      99.92   2.00        439041      90.21   1.80    
4       971479      101.71  4.07        1335289     99.95   4.00        918783      94.39   3.78    
8       1932842     101.18  8.09        2667469     99.83   7.99        1884964     96.83   7.75    
16      3880125     101.56  16.25       5324499     99.64   15.94       3821925     98.16   15.71   
32      7753237     101.47  32.47       10658156    99.72   31.91       7705713     98.96   31.67   
48      11607906    101.27  48.61       15979431    99.68   47.84       11490590    98.37   47.22   
96      11374381    49.62   47.63       18283271    57.02   54.74       13118606    56.16   53.91   


# u10 i2048
#       ./bin/lf-ll_hybrid_harris_opt   ./bin/lf-ll_qsbr_harris_opt     ./bin/lf-ll_smr_no_membar_harris_opt
#cores  throughput  %linear scalability throughput  %linear scalability throughput  %linear scalability
1       442747      100.00  1           620808      100.00  1           172960      100.00  1       
2       899130      101.54  2.03        1220250     98.28   1.97        340996      98.58   1.97    
4       1753928     99.04   3.96        2318374     93.36   3.73        701217      101.36  4.05    
8       3204045     90.46   7.24        4210434     84.78   6.78        1373482     99.26   7.94    
16      5202202     73.44   11.75       6658261     67.03   10.73       2581150     93.27   14.92   
32      8014859     56.57   18.10       10141447    51.05   16.34       3839349     69.37   22.20   
48      8202283     38.60   18.53       10401173    34.90   16.75       3511069     42.29   20.30   
96      6526805     15.36   14.74       9540571     16.01   15.37       3600245     21.68   20.82   


# u100
#       ./bin/lf-ll_hybrid_harris_opt   ./bin/lf-ll_qsbr_harris_opt     ./bin/lf-ll_smr_no_membar_harris_opt
#cores  throughput  %linear scalability throughput  %linear scalability throughput  %linear scalability
1       357524      100.00  1           430602      100.00  1           23354       100.00  1       
2       598045      83.64   1.67        710440      82.49   1.65        48591       104.03  2.08    
4       1083984     75.80   3.03        1240715     72.03   2.88        98478       105.42  4.22    
8       1859063     65.00   5.20        2079314     60.36   4.83        197792      105.87  8.47    
16      2721384     47.57   7.61        3178324     46.13   7.38        388005      103.84  16.61   
32      3103625     27.13   8.68        3808818     27.64   8.85        710395      95.06   30.42   
48      3446622     20.08   9.64        4009978     19.40   9.31        869838      77.60   37.25   
96      3683397     10.73   10.30       4778151     11.56   11.10       906440      40.43   38.81   
