# 14-Jan; QUIESCENCE-THRESHOLD 1000
# u0
#       ./bin/lf-ll_hybrid_harris_opt   ./bin/lf-ll_qsbr_harris_opt     ./bin/lf-ll_smr_no_membar_harris_opt
#cores  throughput  %linear scalability throughput  %linear scalability throughput  %linear scalability
1       211052      100.00  1           203383      100.00  1           213204      100.00  1       
2       420445      99.61   1.99        402811      99.03   1.98        427256      100.20  2.00    
4       853591      101.11  4.04        816963      100.42  4.02        847660      99.40   3.98    
8       1690564     100.13  8.01        1621289     99.65   7.97        1701585     99.76   7.98    
16      3371963     99.86   15.98       3268011     100.43  16.07       3262627     95.64   15.30   
20      4085563     96.79   19.36       4077789     100.25  20.05       3995432     93.70   18.74   
40      7794328     92.33   36.93       8120259     99.81   39.93       5315117     62.32   24.93   
80      7852464     46.51   37.21       8084332     49.69   39.75       6083804     35.67   28.54   


# u10 i2048
#       ./bin/lf-ll_hybrid_harris_opt   ./bin/lf-ll_qsbr_harris_opt     ./bin/lf-ll_smr_no_membar_harris_opt
#cores  throughput  %linear scalability throughput  %linear scalability throughput  %linear scalability
1       424509      100.00  1           412264      100.00  1           265157      100.00  1       
2       347315      40.91   0.82        343405      41.65   0.83        401799      75.77   1.52    
4       507503      29.89   1.20        473200      28.70   1.15        939598      88.59   3.54    
8       902517      26.58   2.13        881001      26.71   2.14        1534663     72.35   5.79    
16      1859710     27.38   4.38        1929168     29.25   4.68        2385990     56.24   9.00    
20      2766845     32.59   6.52        2902187     35.20   7.04        2631014     49.61   9.92    
40      4334630     25.53   10.21       3960717     24.02   9.61        2861509     26.98   10.79   
80      3566886     10.50   8.40        3295710     9.99    7.99        2956258     13.94   11.15   


# u100
#       ./bin/lf-ll_hybrid_harris_opt   ./bin/lf-ll_qsbr_harris_opt     ./bin/lf-ll_smr_no_membar_harris_opt
#cores  throughput  %linear scalability throughput  %linear scalability throughput  %linear scalability
1       422606      100.00  1           414467      100.00  1           46826       100.00  1       
2       349360      41.33   0.83        351990      42.46   0.85        93616       99.96   2.00    
4       1050405     62.14   2.49        1059943     63.93   2.56        187028      99.85   3.99    
8       1981250     58.60   4.69        1819504     54.87   4.39        355540      94.91   7.59    
16      2273361     33.62   5.38        2418007     36.46   5.83        657590      87.77   14.04   
20      2803010     33.16   6.63        2939690     35.46   7.09        812696      86.78   17.36   
40      3029187     17.92   7.17        3268566     19.72   7.89        1303661     69.60   27.84   
80      2605640     7.71    6.17        2858030     8.62    6.90        1392145     37.16   29.73   


