#-u10 -n16 -i2048 -x30
#        ./bin/lf-ll_hybrid_harris_opt ./bin/lf-ll_qsbr_harris_opt   ./bin/lf-ll_smr_no_membar_harris_opt
#Elapsed Throughput                    Throughput                    Throughput                    
     1.0    1661337                       1867627                       1811686   
     2.0    1777600                       2128224                       1837371   
     3.0    1827191                       2181546                       1866968   
     4.0    1927041                       2211701                       1877247   
     5.0    2038579                       2220297                       1870373   
     6.0    2113672                       2304410                       1883946   
     7.0    2156360                       2285397                       1900060   
     8.0    2136579                       2288343                       1898678   
     9.0    2182624                       2296830                       1893365   
    10.0    2206763                       2326146                       1891197   
    11.0    2370083                             0                       1786161 
    12.0    2166022                             0                       1799687 
    13.0    2027093                             0                       1816525 
    14.0    2001352                             0                       1826189 
    15.0    1998988                             0                       1819345 
    16.0    1985004                             0                       1827793 
    17.0    1961227                             0                       1813369 
    18.0    1955941                             0                       1829251 
    19.0    1958531                             0                       1824493 
    20.0    1955095                             0                       1816228 
    21.0    2246050                             0                       1925690 
    22.0    2243659                             0                       1917658 
    23.0    2240335                             0                       1919255 
    24.0    2233256                             0                       1900319 
    25.0    2211235                             0                       1919045 
    26.0    2240266                             0                       1913706 
    27.0    2206626                             0                       1917729 
    28.0    2197134                             0                       1934752 
    29.0    2214027                             0                       1939350 
    30.0    2207567                             0                       1929082