#         Hybrid     QSBR        SMR
#Elapsed  Throughput Throughput  Throughput
     1.0     2249449    2384617     2154915
     2.0     2334298    2526912     2170845
     3.0     2401129    2644952     2154522
     4.0     2451291    2729631     2171784
     5.0     2541843    2839709     2159849
     6.0     2540497    2988006     2183985
     7.0     2571280    3035801     2192991
     8.0     2581367    3080255     2219014
     9.0     2583270    3104903     2203207
    10.0     2633120    3134305     2207939
    11.0     3044807          0     2100131
    12.0     2549610          0     2102251
    13.0     2418577          0     2117179
    14.0     2355329          0     2110481
    15.0     2314431          0     2111487
    16.0     2285964          0     2113022
    17.0     2295907          0     2126997
    18.0     2287806          0     2135735
    19.0     2292821          0     2160172
    20.0     2295719          0     2129220
    21.0     2645770          0     2238961
    22.0     2629436          0     2249944
    23.0     2661499          0     2249384
    24.0     2641244          0     2265096
    25.0     2641824          0     2242030
    26.0     2640325          0     2248715
    27.0     2633874          0     2263674
    28.0     2647079          0     2249946
    29.0     2654267          0     2260112
    30.0     2627100          0     2248662
    31.0     2368518          0     2145513
    32.0     2285139          0     2159908
    33.0     2294192          0     2158733
    34.0     2290135          0     2171203
    35.0     2284176          0     2157284
    36.0     2278207          0     2165593
    37.0     2290408          0     2143565
    38.0     2286068          0     2159169
    39.0     2286109          0     2159978
    40.0     2294214          0     2176657
    41.0     2646220          0     2253412
    42.0     2643820          0     2257761
    43.0     2635989          0     2245594
    44.0     2636694          0     2245160
    45.0     2632036          0     2256699
    46.0     2654681          0     2278525
    47.0     2638674          0     2257200
    48.0     2648877          0     2270094
    49.0     2646060          0     2274324
    50.0     2634301          0     2268857
    51.0     2321259          0     2178892
    52.0     2274893          0     2188044
    53.0     2265289          0     2177030
    54.0     2281493          0     2195275
    55.0     2235814          0     2196727
    56.0     2253740          0     2194155
    57.0     2259076          0     2204834
    58.0     2268475          0     2218959
    59.0     2288106          0     2205528
    60.0     2279230          0     2216731