#-u10 -n16 -i2048 -x30
#./bin/lf-ll_smr_no_membar_harris_opt   ./bin/lf-ll_qsbr_harris_opt ./bin/lf-ll_hybrid_harris_opt
#Elapsed  Throughput                    Throughput                  Throughput  
     1.0     1893782                       1830219                     1668630  
     2.0     1977442                       1924009                     1690554  
     3.0     1982549                       2033103                     1796634  
     4.0     1997392                       2151119                     1912666  
     5.0     2002790                       2243382                     1964094  
     6.0     2012932                       2307536                     2036085  
     7.0     2017778                       2334933                     2039328  
     8.0     2019246                       2390942                     2095885  
     9.0     2022561                       2389168                     2142311  
    10.0     2028887                       2422248                     2220204  
    11.0     1914896                       2377824                     2582280  
    12.0     1922356                       2527523                     2738886  
    13.0     1929385                       2458784                     2648402  
    14.0     1939099                             0                     2810477  
    15.0     1939530                             0                     2640514
    16.0     1934652                             0                     2371907
    17.0     1940553                             0                     2311346
    18.0     1934990                             0                     2256410
    19.0     1942788                             0                     2069305
    20.0     1932776                             0                     2069191
    21.0     2051740                             0                     2468827
    22.0     2038419                             0                     2479496
    23.0     2033818                             0                     2339884
    24.0     2025479                             0                     2318811
    25.0     2031167                             0                     2426933
    26.0     2022144                             0                     2416756
    27.0     2030005                             0                     2347687
    28.0     2029176                             0                     2355462
    29.0     2048041                             0                     2425727
    30.0     2046977                             0                     2417626
