#-u10 -n20 -i2048 -x30
#         Hybrid     QSBR       SMR
#Elapsed  Throughput Throughput Throughput 
     1.0     2178974    2553737    2183575 
     2.0     2249311    2634076    2205912 
     3.0     2300767    2757476    2208737 
     4.0     2331663    2801115    2212587 
     5.0     2372998    2876170    2228263 
     6.0     2447783    2970936    2222749 
     7.0     2449085    3009474    2228360 
     8.0     2518286    3066544    2234153 
     9.0     2619582    3046805    2226979 
    10.0     2613163    3058666    2244162 
    11.0     3426166          0    2153570 
    12.0     2807288          0    2164612 
    13.0     2605191          0    2146666 
    14.0     2529983          0    2166821 
    15.0     2481752          0    2180923 
    16.0     2408996          0    2181209 
    17.0     2394587          0    2165830 
    18.0     2355153          0    2181404 
    19.0     2354428          0    2175251 
    20.0     2345616          0    2175470 
    21.0     2640787          0    2285975 
    22.0     2604058          0    2278013 
    23.0     2589010          0    2264676 
    24.0     2582971          0    2297908 
    25.0     2546738          0    2294156 
    26.0     2540459          0    2278853 
    27.0     2530104          0    2280113 
    28.0     2535266          0    2289586 
    29.0     2534277          0    2268270 
    30.0     2504066          0    2284477 