#-u10 -i1024 -d1000
#       ./bin/lf-ll_hybrid_harris_opt   ./bin/lf-ll_qsbr_harris_opt     ./bin/lf-ll_smr_no_membar_harris_opt
#cores  throughput  %linear scalability throughput  %linear scalability throughput  %linear scalability
1       473354      100.00  1           636475      100.00  1           198506      100.00  1       
2       866636      91.54   1.83        1256083     98.67   1.97        366539      92.32   1.85    
4       1831303     96.72   3.87        2432995     95.57   3.82        722321      90.97   3.64    
8       2946686     77.81   6.23        4321480     84.87   6.79        1377803     86.76   6.94    
16      5415238     71.50   11.44       6848614     67.25   10.76       2622814     82.58   13.21   
32      8011707     52.89   16.93       9867352     48.45   15.50       3540469     55.74   17.84   
48      7729341     34.02   16.33       10071339    32.97   15.82       3484086     36.57   17.55   
