###################### HYBRID 2K, u0, u10, u50, u100

#       ./bin/lf-ll_hybrid_harris_opt   
#cores  throughput  %linear scalability 
1       724035      100.00  1           
2       1471720     101.63  2.03        
4       2921577     100.88  4.04        
8       5774518     99.69   7.98        
16      11148048    96.23   15.40       
32      19004785    82.03   26.25       
40      20284581    70.04   28.02       
80      23747368    41.00   32.80       

#       ./bin/lf-ll_hybrid_harris_opt   
#cores  throughput  %linear scalability 
1       644436      100.00  1           
2       389247      30.20   0.60        
4       459920      17.84   0.71        
8       811799      15.75   1.26        
16      2039092     19.78   3.16        
32      3210257     15.57   4.98        
40      3679778     14.28   5.71        
80      3025874     5.87    4.70        

#       ./bin/lf-ll_hybrid_harris_opt   
#cores  throughput  %linear scalability 
1       527475      100.00  1           
2       350369      33.21   0.66        
4       538325      25.51   1.02        
8       1917582     45.44   3.64        
16      2397992     28.41   4.55        
32      2796551     16.57   5.30        
40      2944621     13.96   5.58        
80      2904506     6.88    5.51        

#       ./bin/lf-ll_hybrid_harris_opt   
#cores  throughput  %linear scalability 
1       464716      100.00  1           
2       347561      37.39   0.75        
4       1064383     57.26   2.29        
8       1607082     43.23   3.46        
16      2074632     27.90   4.46        
32      2526017     16.99   5.44        
40      2740804     14.74   5.90        
80      2671574     7.19    5.75       

###################### QSBR 2K, u0, u10, u50, u100

#       ./bin/lf-ll_qsbr_harris_opt     
#cores  throughput  %linear scalability 
1       751047      100.00  1           
2       1501007     99.93   2.00        
4       3027247     100.77  4.03        
8       5931363     98.72   7.90        
16      11191764    93.13   14.90       
32      22224783    92.47   29.59       
40      27253341    90.72   36.29       
80      29183579    48.57   38.86       

#       ./bin/lf-ll_qsbr_harris_opt     
#cores  throughput  %linear scalability 
1       645756      100.00  1           
2       382083      29.58   0.59        
4       448071      17.35   0.69        
8       745679      14.43   1.15        
16      1896851     18.36   2.94        
32      3419616     16.55   5.30        
40      3763013     14.57   5.83        
80      3316438     6.42    5.14        

#       ./bin/lf-ll_qsbr_harris_opt     
#cores  throughput  %linear scalability 
1       523973      100.00  1           
2       346133      33.03   0.66        
4       579163      27.63   1.11        
8       1776525     42.38   3.39        
16      2465856     29.41   4.71        
32      3071255     18.32   5.86        
40      3274851     15.63   6.25        
80      3068616     7.32    5.86        

#       ./bin/lf-ll_qsbr_harris_opt     
#cores  throughput  %linear scalability 
1       459846      100.00  1           
2       354025      38.49   0.77        
4       1072239     58.29   2.33        
8       1763452     47.94   3.83        
16      2274245     30.91   4.95        
32      2856491     19.41   6.21        
40      3019096     16.41   6.57        
80      2953098     8.03    6.42  

###################### SMR 2K, u0, u10, u50, u100

#       ./bin/lf-ll_smr_harris_opt      
#cores  throughput  %linear scalability 
1       92670       100.00  1           
2       185534      100.10  2.00        
4       372193      100.41  4.02        
8       601462      81.13   6.49        
16      749579      50.55   8.09        
32      1368161     46.14   14.76       
40      1955523     52.76   21.10       
80      2326662     31.38   25.11       

#       ./bin/lf-ll_smr_harris_opt      
#cores  throughput  %linear scalability 
1       92779       100.00  1           
2       140908      75.94   1.52        
4       233695      62.97   2.52        
8       447478      60.29   4.82        
16      695011      46.82   7.49        
32      1159979     39.07   12.50       
40      1684713     45.40   18.16       
80      2033068     27.39   21.91       

#       ./bin/lf-ll_smr_harris_opt      
#cores  throughput  %linear scalability 
1       92739       100.00  1           
2       139729      75.33   1.51        
4       230223      62.06   2.48        
8       418698      56.43   4.51        
16      685777      46.22   7.39        
32      1092923     36.83   11.78       
40      1378545     37.16   14.86       
80      1708461     23.03   18.42       

#       ./bin/lf-ll_smr_harris_opt      
#cores  throughput  %linear scalability 
1       94094       100.00  1           
2       139871      74.33   1.49        
4       230332      61.20   2.45        
8       432312      57.43   4.59        
16      660150      43.85   7.02        
32      955891      31.75   10.16       
40      1170338     31.09   12.44       
80      1496467     19.88   15.90 

###################### SMR no MEMBAR 2K, u0, u10, u50, u100

#       ./bin/lf-ll_smr_no_membar_harris_opt
#cores  throughput  %linear scalability 
1       723571      100.00  1           
2       1449961     100.19  2.00        
4       2895886     100.06  4.00        
8       5708345     98.61   7.89        
16      10020925    86.56   13.85       
32      9854016     42.56   13.62       
40      11964452    41.34   16.54       
80      16217228    28.02   22.41       

#       ./bin/lf-ll_smr_no_membar_harris_opt
#cores  throughput  %linear scalability 
1       281886      100.00  1           
2       410582      72.83   1.46        
4       985745      87.42   3.50        
8       1516507     67.25   5.38        
16      2186562     48.48   7.76        
32      2527506     28.02   8.97        
40      2715721     24.09   9.63        
80      3022917     13.40   10.72       

#       ./bin/lf-ll_smr_no_membar_harris_opt
#cores  throughput  %linear scalability 
1       87197       100.00  1           
2       170004      97.48   1.95        
4       336103      96.36   3.85        
8       606055      86.88   6.95        
16      1057712     75.81   12.13       
32      1573130     56.38   18.04       
40      1758641     50.42   20.17       
80      1869792     26.80   21.44       

#       ./bin/lf-ll_smr_no_membar_harris_opt
#cores  throughput  %linear scalability 
1       46310       100.00  1           
2       91302       98.58   1.97        
4       181614      98.04   3.92        
8       341118      92.07   7.37        
16      629293      84.93   13.59       
32      1013701     68.40   21.89       
40      1177330     63.56   25.42       
80      1284789     34.68   27.74  

###################### HARRIS OPT 2K, u0, u10, u50, u100

#       ./bin/lf-ll_harris_opt          
#cores  throughput  %linear scalability 
1       866769      100.00  1           
2       1710479     98.67   1.97        
4       3449721     99.50   3.98        
8       6779316     97.77   7.82        
16      13632878    98.30   15.73       
32      26984414    97.29   31.13       
40      33480968    96.57   38.63       
80      33085258    47.71   38.17       

#       ./bin/lf-ll_harris_opt          
#cores  throughput  %linear scalability 
1       434143      100.00  1           
2       477639      55.01   1.10        
4       1200794     69.15   2.77        
8       2213878     63.74   5.10        
16      3751652     54.01   8.64        
32      7659470     55.13   17.64       
40      10226449    58.89   23.56       
80      11615479    33.44   26.75       

#       ./bin/lf-ll_harris_opt          
#cores  throughput  %linear scalability 
1       426040      100.00  1           
2       383069      44.96   0.90        
4       1127233     66.15   2.65        
8       2167145     63.58   5.09        
16      3549650     52.07   8.33        
32      6851439     50.26   16.08       
40      10009257    58.73   23.49       
80      6004634     17.62   14.09       

#       ./bin/lf-ll_harris_opt          
#cores  throughput  %linear scalability 
1       431581      100.00  1           
2       339174      39.29   0.79        
4       1088613     63.06   2.52        
8       2047878     59.31   4.75        
16      3342539     48.41   7.74        
32      6308423     45.68   14.62       
40      8209939     47.56   19.02       
80      3793094     10.99   8.79     
   
###################### HYBRID LAZY 2K, u0, u10, u50, u100

#       ./bin/lf-ll_hybrid_lazy         
#cores  throughput  %linear scalability 
1       742468      100.00  1           
2       1479531     99.64   1.99        
4       2914690     98.14   3.93        
8       5883432     99.05   7.92        
16      11343893    95.49   15.28       
32      19174097    80.70   25.82       
40      20738488    69.83   27.93       
80      23292408    39.21   31.37       

#       ./bin/lf-ll_hybrid_lazy         
#cores  throughput  %linear scalability 
1       645844      100.00  1           
2       386141      29.89   0.60        
4       459865      17.80   0.71        
8       792210      15.33   1.23        
16      2014830     19.50   3.12        
32      3594772     17.39   5.57        
40      3429589     13.28   5.31        
80      3234628     6.26    5.01        

#       ./bin/lf-ll_hybrid_lazy         
#cores  throughput  %linear scalability 
1       528321      100.00  1           
2       349575      33.08   0.66        
4       543587      25.72   1.03        
8       2070091     48.98   3.92        
16      2443568     28.91   4.63        
32      2839997     16.80   5.38        
40      2909969     13.77   5.51        
80      2844624     6.73    5.38        

#       ./bin/lf-ll_hybrid_lazy         
#cores  throughput  %linear scalability 
1       465134      100.00  1           
2       346879      37.29   0.75        
4       1096228     58.92   2.36        
8       1694082     45.53   3.64        
16      2036393     27.36   4.38        
32      2611523     17.55   5.61        
40      2781274     14.95   5.98        
80      2645006     7.11    5.69 